#YY  MM DD hh mm WDIR WSPD GST  WVHT   DPD   APD MWD   PRES  ATMP  WTMP  DEWP  VIS  TIDE
#yr  mo dy hr mn degT m/s  m/s     m   sec   sec degT   hPa  degC  degC  degC   mi    ft
2015 01 01 01 20  24  3.6 99.0  0.30 99.00 99.00 999 1015.8  -8.3 999.0 999.0  1.0 99.00
2015 01 02 16 30  29  4.5 99.0  0.30 99.00 99.00 999 9999.0  -8.3 999.0 999.0  6.0 99.00
2015 01 02 19 10 320  2.2 99.0  0.30 99.00 99.00 999 1026.0  -5.0 999.0 999.0  6.0 99.00
2015 01 02 21 50 220  1.8 99.0  0.30 99.00 99.00 999 1025.3  -6.1 999.0 999.0  6.0 99.00
2015 01 03 01 05 300  1.8 99.0 99.00 99.00 99.00 999 1024.6  -8.9 999.0 999.0  6.0 99.00
2015 01 03 12 50 130  6.3 99.0  0.30 99.00 99.00 999 1016.5   0.0 999.0 999.0  1.0 99.00
2015 01 04 01 00 360  0.9 99.0  0.30 99.00 99.00 999 1011.7   0.6 999.0 999.0  1.0 99.00
2015 01 04 12 45 310  7.2 99.0  0.00 99.00 99.00 999 1011.1  -7.2 999.0 999.0  0.5 99.00
2015 01 04 16 00 290  6.3 99.0  0.30 99.00 99.00 999 1014.4 -10.6 999.0 999.0  6.0 99.00
2015 01 04 19 00 320  6.7 99.0  0.30 99.00 99.00 999 1015.8 -11.1 999.0 999.0  6.0 99.00
2015 01 04 22 10 270  6.7 99.0  0.30 99.00 99.00 999 9999.0 -12.8 999.0 999.0  6.0 99.00
2015 01 05 12 50 320  2.7 99.0  0.00 99.00 99.00 999 1032.1 -24.4 999.0 999.0  6.0 99.00
2015 01 05 16 10  30  4.5 99.0  0.00 99.00 99.00 999 9999.0 -22.2 999.0 999.0  6.0 99.00
2015 01 05 18 55  28  4.5 99.0  0.00 99.00 99.00 999 9999.0 -18.9 999.0 999.0  6.0 99.00
2015 01 05 22 05 270  2.7 99.0  0.00 99.00 99.00 999 1032.7 -18.9 999.0 999.0  6.0 99.00
2015 01 06 01 00 270  2.7 99.0 99.00 99.00 99.00 999 1031.0 -18.9 999.0 999.0  0.3 99.00
2015 01 06 16 00 230  3.6 99.0  0.00 99.00 99.00 999 1022.9 -17.8 999.0 999.0  6.0 99.00
2015 01 06 18 50 240  3.1 99.0  0.00 99.00 99.00 999 1019.5 -12.2 999.0 999.0  6.0 99.00
2015 01 06 22 35  33  2.7 99.0  0.00 99.00 99.00 999 9999.0 -13.9 999.0 999.0  6.0 99.00
2015 01 07 01 50 300  4.9 99.0  0.30 99.00 99.00 999 1019.5 -16.1 999.0 999.0  0.3 99.00
2015 01 07 13 00 330  4.5 99.0 99.00 99.00 99.00 999 1034.4 -19.4 999.0 999.0  1.0 99.00
2015 01 07 21 50 300  4.5 99.0  0.30 99.00 99.00 999 1036.1 -17.5 999.0 999.0  6.0 99.00
2015 01 08 00 55 300  6.7 99.0  0.30 99.00 99.00 999 1036.1 -20.6 999.0 999.0  3.0 99.00
2015 01 08 12 50 260  4.0 99.0  0.30 99.00 99.00 999 1022.6 -19.4 999.0 999.0  0.3 99.00
2015 01 08 15 55 210  2.2 99.0  0.30 99.00 99.00 999 1019.2 -16.7 999.0 999.0  3.0 99.00
2015 01 08 19 00 190  5.8 99.0  0.30 99.00 99.00 999 1009.0 -15.0 999.0 999.0  0.5 99.00
2015 01 08 21 55 240  5.4 99.0  0.30 99.00 99.00 999 1006.7 -15.6 999.0 999.0  1.0 99.00
2015 01 09 00 55 280  4.5 99.0  0.30 99.00 99.00 999 1014.4 -15.0   0.0 999.0  0.5 99.00
2015 01 09 18 45  30  4.5 99.0  0.30 99.00 99.00 999 9999.0 -16.1 999.0 999.0  6.0 99.00
2015 01 09 21 50 280  4.5 99.0  0.30 99.00 99.00 999 1022.6 -16.7 999.0 999.0  6.0 99.00
2015 01 10 13 10 210  1.8 99.0  0.00 99.00 99.00 999 1023.6 -19.4 999.0 999.0  6.0 99.00
2015 01 10 15 55 210  4.0 99.0  0.00 99.00 99.00 999 1024.3 -15.6 999.0 999.0  6.0 99.00
2015 01 10 19 10 240  4.5 99.0  0.30 99.00 99.00 999 1026.0 -12.8 999.0 999.0  6.0 99.00
2015 01 10 21 50 260  2.2 99.0  0.10 99.00 99.00 999 1024.3 -12.8 999.0 999.0  6.0 99.00
2015 01 11 01 00  23  2.7 99.0  0.00 99.00 99.00 999 9999.0 -10.6 999.0 999.0  6.0 99.00
2015 01 11 13 10 280  0.9 99.0  0.00 99.00 99.00 999 1022.9  -7.2 999.0 999.0  6.0 99.00
2015 01 11 15 55 280  0.9 99.0  0.00 99.00 99.00 999 1022.9  -7.2 999.0 999.0  6.0 99.00
2015 01 11 18 55 320  2.7 99.0  0.00 99.00 99.00 999 1022.2  -5.6 999.0 999.0  6.0 99.00
2015 01 11 22 05 310  0.9 99.0  0.30 99.00 99.00 999 1022.6  -6.1 999.0 999.0  6.0 99.00
2015 01 12 12 45  35  4.0 99.0  0.30 99.00 99.00 999 9999.0 -15.0 999.0 999.0  3.0 99.00
2015 01 12 19 00  10  4.0 99.0  0.30 99.00 99.00 999 1034.8  -8.9   1.0 999.0  6.0 99.00
2015 01 12 21 50 360  2.7 99.0  0.30 99.00 99.00 999 1036.1 -11.1 999.0 999.0  3.0 99.00
2015 01 13 00 50 330  1.3 99.0  0.00 99.00 99.00 999 1040.2 -14.4 999.0 999.0  6.0 99.00
2015 01 13 12 35 999 99.0 99.0 99.00 99.00 99.00 999 9999.0 -13.9 999.0 999.0 99.0 99.00
2015 01 13 15 50 320  3.6 99.0  0.30 99.00 99.00 999 1040.9 -12.8 999.0 999.0  6.0 99.00
2015 01 13 18 55 270  3.1 99.0  0.30 99.00 99.00 999 1038.8  -8.9   0.0 999.0  1.0 99.00
2015 01 14 00 50 290  2.2 99.0  0.30 99.00 99.00 999 1034.8 -12.2 999.0 999.0  6.0 99.00
2015 01 14 13 00 220  1.8 99.0  0.30 99.00 99.00 999 1025.3 -12.2 999.0 999.0  6.0 99.00
2015 01 14 16 45 300  4.5 99.0  0.00 99.00 99.00 999 1025.6  -9.4 999.0 999.0  1.0 99.00
2015 01 14 17 25 310  2.7 99.0  0.30 99.00 99.00 999 1023.2  -8.9 999.0 999.0  6.0 99.00
2015 01 14 18 50 300  3.6 99.0  0.30 99.00 99.00 999 1023.2  -8.9 999.0 999.0  6.0 99.00
2015 01 14 21 50 270  1.8 99.0 99.00 99.00 99.00 999 1022.6  -8.9 999.0 999.0  6.0 99.00
2015 01 15 00 50 270  2.2 99.0  0.30 99.00 99.00 999 1022.6  -8.3 999.0 999.0  6.0 99.00
2015 01 15 13 25 220  4.0 99.0  0.30 99.00 99.00 999 1012.4  -5.6 999.0 999.0  6.0 99.00
2015 01 15 15 45 230  2.7 99.0  0.30 99.00 99.00 999 1012.4  -4.4 999.0 999.0  6.0 99.00
2015 01 15 18 50  30  2.2 99.0  0.30 99.00 99.00 999 1009.0  -1.1 999.0 999.0  6.0 99.00
2015 01 15 21 50 270  2.2 99.0  0.30 99.00 99.00 999 9999.0   0.6 999.0 999.0  6.0 99.00
2015 01 16 00 50 290  2.2 99.0  0.60 99.00 99.00 999 9999.0  -0.6 999.0 999.0  6.0 99.00
2015 01 16 13 00 320  1.8 99.0  0.30 99.00 99.00 999 1022.6 -10.0 999.0 999.0  6.0 99.00
2015 01 17 21 55 220  2.2 99.0  0.30 99.00 99.00 999  998.2   3.3 999.0 999.0  6.0 99.00
2015 01 18 00 45 330  1.8 99.0  0.60 99.00 99.00 999  998.2   3.3 999.0 999.0  6.0 99.00
2015 01 18 13 40 310  4.5 99.0  0.30 99.00 99.00 999 1005.0   0.6 999.0 999.0  6.0 99.00
2015 01 18 15 50 330  2.2 99.0  0.30 99.00 99.00 999 1005.6   1.1 999.0 999.0  6.0 99.00
2015 01 18 18 50 310  4.5 99.0  0.30 99.00 99.00 999 1007.3  -3.3 999.0 999.0  6.0 99.00
2015 01 18 21 50 280  2.2 99.0  0.00 99.00 99.00 999 1009.0   2.2 999.0 999.0  6.0 99.00
2015 01 19 00 45 310  2.7 99.0 99.00 99.00 99.00 999 1011.7   1.7 999.0 999.0  0.3 99.00
2015 01 19 13 05 310  2.7 99.0  0.00 99.00 99.00 999 1017.8  -5.0 999.0 999.0  6.0 99.00
2015 01 19 18 50   4  2.2 99.0  0.30 99.00 99.00 999 1019.2  -3.9 999.0 999.0  6.0 99.00
2015 01 19 21 50   3  1.3 99.0  0.30 99.00 99.00 999 1019.2  -4.4 999.0 999.0  6.0 99.00
2015 01 20 01 05 350  1.3 99.0  0.30 99.00 99.00 999 1015.8  -5.0 999.0 999.0  0.3 99.00
2015 01 20 12 55  40  2.7 99.0  0.30 99.00 99.00 999 1015.8  -3.3 999.0 999.0  6.0 99.00
2015 01 20 15 50 320  1.8 99.0  0.00 99.00 99.00 999 1016.5  -4.4 999.0 999.0  6.0 99.00
2015 01 20 19 15  10  2.2 99.0  0.00 99.00 99.00 999 1016.5  -4.4 999.0 999.0  6.0 99.00
2015 01 20 22 25 360  0.9 99.0  0.30 99.00 99.00 999 1022.6  -5.0 999.0 999.0  6.0 99.00
2015 01 21 12 50 320  1.8 99.0  0.00 99.00 99.00 999 1017.5  -6.7 999.0 999.0  3.0 99.00
2015 01 21 15 50  40  1.3 99.0  0.00 99.00 99.00 999 1019.9  -5.0 999.0 999.0  6.0 99.00
2015 01 21 18 55 330  2.7 99.0  0.30 99.00 99.00 999 1019.5  -2.2 999.0 999.0  6.0 99.00
2015 01 21 21 55 320  3.1 99.0  0.00 99.00 99.00 999 1021.2  -4.4 999.0 999.0  6.0 99.00
2015 01 22 00 50 310  1.8 99.0 99.00 99.00 99.00 999 1022.6  -8.3 999.0 999.0  0.3 99.00
2015 01 22 12 45 320  0.9 99.0  0.30 99.00 99.00 999 1026.0  -3.9 999.0 999.0  3.0 99.00
2015 01 22 16 00 310  2.7 99.0  0.30 99.00 99.00 999 1029.3  -1.1 999.0 999.0  3.0 99.00
2015 01 22 19 00 270  2.7 99.0 99.00 99.00 99.00 999 1028.7   0.0 999.0 999.0  6.0 99.00
2015 01 23 02 35 210  2.2 99.0 99.00 99.00 99.00 999 1024.6  -5.0 999.0 999.0 99.0 99.00
2015 01 23 13 00 200  4.9 99.0  0.60 99.00 99.00 999 1017.8  -2.8 999.0 999.0  6.0 99.00
2015 01 23 21 55  20  4.5 99.0  0.60 99.00 99.00 999 9999.0  -1.1 999.0 999.0  3.0 99.00
2015 01 24 01 05 260  3.1 99.0  0.00 99.00 99.00 999 1009.4   0.0 999.0 999.0  6.0 99.00
2015 01 24 13 20  28  2.2 99.0  0.30 99.00 99.00 999 9999.0   0.6 999.0 999.0  6.0 99.00
2015 01 24 19 05 310  2.2 99.0 99.00 99.00 99.00 999 9999.0   4.4 999.0 999.0  6.0 99.00
2015 01 24 22 10  60  3.1 99.0  0.30 99.00 99.00 999 1002.3   1.7 999.0 999.0  6.0 99.00
2015 01 25 13 50 270  2.7 99.0  0.30 99.00 99.00 999 9999.0 999.0 999.0 999.0  6.0 99.00
2015 01 25 16 00  60  7.2 99.0 99.00 99.00 99.00 999 1016.5  -6.7 999.0 999.0  6.0 99.00
2015 01 25 18 45   5  4.9 99.0  0.30 99.00 99.00 999 1016.8  -6.1 999.0 999.0  6.0 99.00
2015 01 25 21 55  10  3.1 99.0  0.00 99.00 99.00 999 1018.5  -7.2 999.0 999.0  6.0 99.00
2015 01 26 01 10 320  2.2 99.0  0.30 99.00 99.00 999 1019.2 -10.6 999.0 999.0  6.0 99.00
2015 01 26 12 55 999 99.0 99.0 99.00 99.00 99.00 999 1015.8 -11.1 999.0 999.0  0.3 99.00
2015 01 26 15 50 240  3.6 99.0  0.60 99.00 99.00 999 1014.1  -5.0 999.0 999.0  6.0 99.00
2015 01 26 19 05 170  6.3 99.0  0.60 99.00 99.00 999 1012.4  -3.9 999.0 999.0  6.0 99.00
2015 01 26 22 00 140  5.4 99.0  0.60 99.00 99.00 999 1012.4  -3.3 999.0 999.0  3.0 99.00
2015 01 27 00 50 130  6.3 99.0 99.00 99.00 99.00 999 1014.1  -3.3 999.0 999.0  6.0 99.00
2015 01 27 13 05 320  1.8 99.0  0.00 99.00 99.00 999 1021.9  -5.6 999.0 999.0  6.0 99.00
2015 01 27 16 15 340  1.3 99.0 99.00 99.00 99.00 999 1022.9  -3.9 999.0 999.0  6.0 99.00
2015 01 27 18 55  60  2.7 99.0  0.30 99.00 99.00 999 1022.6  -2.8   0.0 999.0  6.0 99.00
2015 01 27 22 00 320  2.2 99.0  0.30 99.00 99.00 999 1023.9  -3.9 999.0 999.0  6.0 99.00
2015 01 28 00 50 300  1.8 99.0  0.00 99.00 99.00 999 1024.3  -8.3 999.0 999.0  6.0 99.00
2015 01 28 13 00 240  1.8 99.0  0.30 99.00 99.00 999 1024.6  -8.3 999.0 999.0  3.0 99.00
2015 01 28 16 20 210  2.2 99.0 99.00 99.00 99.00 999 1026.0  -2.8 999.0 999.0  1.0 99.00
2015 01 29 00 55 160 11.2 99.0 99.00 99.00 99.00 999 1016.1  -0.6 999.0 999.0  1.0 99.00
2015 01 29 13 00 330  4.5 99.0  0.90 99.00 99.00 999 1009.0  -1.7 999.0 999.0  6.0 99.00
2015 01 29 15 50 350  4.0 99.0  0.60 99.00 99.00 999 1012.1  -1.1 999.0 999.0  6.0 99.00
2015 01 29 18 55 350  3.6 99.0  0.30 99.00 99.00 999 1012.4   0.0 999.0 999.0  6.0 99.00
2015 01 30 00 10 360  4.5 99.0  0.00 99.00 99.00 999 1022.6  -3.3 999.0 999.0  6.0 99.00
2015 01 30 00 55 330  8.9 99.0  0.30 99.00 99.00 999 1022.6  -5.0 999.0 999.0  6.0 99.00
2015 01 30 12 55 310  1.3 99.0  0.30 99.00 99.00 999 1032.4 -12.8 999.0 999.0  6.0 99.00
2015 01 30 15 50 320  2.7 99.0  0.30 99.00 99.00 999 1033.4  -8.9 999.0 999.0  6.0 99.00
2015 01 30 18 50 310  3.6 99.0  0.30 99.00 99.00 999 1036.1  -7.2 999.0 999.0  6.0 99.00
2015 01 30 21 50 290  2.7 99.0  0.00 99.00 99.00 999 9999.0  -6.7   0.0 999.0  6.0 99.00
2015 01 31 00 50 230  1.3 99.0  0.30 99.00 99.00 999 1029.7  -7.8 999.0 999.0  6.0 99.00
2015 01 31 13 35 280  1.8 99.0  0.00 99.00 99.00 999 1022.6  -5.6 999.0 999.0  6.0 99.00
2015 01 31 15 55 310  3.6 99.0 99.00 99.00 99.00 999 1021.9  -4.4 999.0 999.0  6.0 99.00
2015 01 31 19 00 300  2.2 99.0  0.30 99.00 99.00 999 1022.2  -2.8 999.0 999.0  6.0 99.00
2015 01 31 23 05   2 99.0 99.0  0.30 99.00 99.00 999 1022.6  -2.8 999.0 999.0  3.0 99.00
2015 02 01 00 50  50  3.6 99.0  0.30 99.00 99.00 999 1024.3  -5.0 999.0 999.0  0.3 99.00
2015 02 01 12 55  60  7.6 99.0  0.00 99.00 99.00 999 1024.6  -7.8 999.0 999.0  6.0 99.00
2015 02 01 15 55 340  3.6 99.0  0.60 99.00 99.00 999 1024.6 -10.0 999.0 999.0  3.0 99.00
2015 02 01 18 55  20  6.7 99.0  0.60 99.00 99.00 999 1021.9 -11.1 999.0 999.0  3.0 99.00
2015 02 01 22 00  50  5.4 99.0  0.90 99.00 99.00 999 1021.9 -11.7 999.0 999.0  1.0 99.00
2015 02 02 01 00  30  2.7 99.0 99.00 99.00 99.00 999 1020.5 -13.3 999.0 999.0  6.0 99.00
2015 02 02 13 05 310  2.2 99.0  0.30 99.00 99.00 999 1019.2 -15.0 999.0 999.0  6.0 99.00
2015 02 02 16 00 310  6.7 99.0  0.30 99.00 99.00 999 1022.6 -12.2 999.0 999.0 99.0 99.00
2015 02 02 22 20 260  1.8 99.0 99.00 99.00 99.00 999 1022.6 -10.0 999.0 999.0  6.0 99.00
2015 02 03 01 05 310  1.3 99.0  0.30 99.00 99.00 999 1019.2  -9.4 999.0 999.0  0.5 99.00
2015 02 03 12 55 290  2.2 99.0 99.00 99.00 99.00 999 1018.8 -13.9 999.0 999.0  3.0 99.00
2015 02 03 16 05 310  4.5 99.0 99.00 99.00 99.00 999 1019.2 -10.0 999.0 999.0  6.0 99.00
2015 02 03 18 50 250  2.7 99.0  0.30 99.00 99.00 999 1019.2  -7.2 999.0 999.0  6.0 99.00
2015 02 03 22 20 220  2.2 99.0  0.30 99.00 99.00 999 1016.1 999.0 999.0 999.0  6.0 99.00
2015 02 04 00 55  30  1.3 99.0  0.00 99.00 99.00 999 1017.2  -8.9 999.0 999.0  0.3 99.00
2015 02 04 13 30 330  2.2 99.0  0.30 99.00 99.00 999 1017.5 -10.6 999.0 999.0  6.0 99.00
2015 02 04 15 50 320  4.5 99.0  0.30 99.00 99.00 999 1019.9  -8.3 999.0 999.0  3.0 99.00
2015 02 04 22 00 340  4.9 99.0 99.00 99.00 99.00 999 1021.9  -9.4 999.0 999.0  6.0 99.00
2015 02 05 01 05 360  4.9 99.0  0.30 99.00 99.00 999 1025.6 -12.8 999.0 999.0  6.0 99.00
2015 02 05 12 55 250  1.8 99.0  0.00 99.00 99.00 999 1029.7 -19.4 999.0 999.0  6.0 99.00
2015 02 05 15 50 190  2.7 99.0  0.00 99.00 99.00 999 1029.3 -13.9 999.0 999.0  6.0 99.00
2015 02 05 18 50 210  6.7 99.0  0.30 99.00 99.00 999 1026.0 -11.7 999.0 999.0  6.0 99.00
2015 02 05 21 50 200  8.0 99.0  0.30 99.00 99.00 999 1022.6 -10.0 999.0 999.0  3.0 99.00
2015 02 06 00 50 230  4.5 99.0  0.30 99.00 99.00 999 1019.2 -10.6 999.0 999.0  3.0 99.00
2015 02 06 13 06 290  3.6 99.0  0.30 99.00 99.00 999 1019.2 -10.6 999.0 999.0  6.0 99.00
2015 02 06 16 50 295  4.0 99.0 99.00 99.00 99.00 999 1019.2  -6.1 999.0 999.0  3.0 99.00
2015 02 06 18 50   2  0.0 99.0  0.00 99.00 99.00 999 1034.4  -3.9 999.0 999.0  6.0 99.00
2015 02 06 21 50 190  2.2 99.0 99.00 99.00 99.00 999 1016.5  -3.9 999.0 999.0  6.0 99.00
2015 02 07 00 45  11  0.9 99.0  0.30 99.00 99.00 999 1029.3  -3.9 999.0 999.0  1.0 99.00
2015 02 07 13 15 330  1.8 99.0  0.30 99.00 99.00 999 1022.6  -4.4 999.0 999.0  6.0 99.00
2015 02 07 16 00   7  6.7 99.0  0.30 99.00 99.00 999 1022.6  -1.1 999.0 999.0  6.0 99.00
2015 02 07 18 50 170  3.6 99.0  0.60 99.00 99.00 999 1009.0   0.0 999.0 999.0  6.0 99.00
2015 02 07 21 55  60  3.6 99.0  0.30 99.00 99.00 999 1007.3  -0.6 999.0 999.0  6.0 99.00
2015 02 08 13 15  10  4.9 99.0  0.30 99.00 99.00 999 1004.3  -2.8 999.0 999.0  6.0 99.00
2015 02 08 15 55  20  6.7 99.0  0.30 99.00 99.00 999 1011.1  -5.6 999.0 999.0  6.0 99.00
2015 02 08 19 15  10  4.5 99.0  0.60 99.00 99.00 999 1005.6  -6.7 999.0 999.0  6.0 99.00
2015 02 08 21 55   3  3.1 99.0  0.60 99.00 99.00 999 1015.8  -8.9 999.0 999.0  6.0 99.00
2015 02 09 01 00   1  4.0 99.0  0.30 99.00 99.00 999 1019.2  -8.9 999.0 999.0  3.0 99.00
2015 02 09 13 00 310  4.5 99.0 99.00 99.00 99.00 999 1024.3 -12.8 999.0 999.0  3.0 99.00
2015 02 09 18 45 320  3.1 99.0  0.00 99.00 99.00 999 1025.3  -6.7 999.0 999.0  6.0 99.00
2015 02 09 21 50  50  2.2 99.0  0.30 99.00 99.00 999 1024.3  -5.6 999.0 999.0  6.0 99.00
2015 02 10 00 45 310  2.2 99.0  0.30 99.00 99.00 999 1026.0  -9.4 999.0 999.0  3.0 99.00
2015 02 10 12 50 310  2.2 99.0  0.30 99.00 99.00 999 1025.6  -8.3 999.0 999.0  6.0 99.00
2015 02 10 16 00 330  1.3 99.0  0.30 99.00 99.00 999 1026.0  -4.4 999.0 999.0  6.0 99.00
2015 02 10 18 45  70  2.2 99.0  0.00 99.00 99.00 999 1024.6  -3.3 999.0 999.0  6.0 99.00
2015 02 10 22 00 150  4.5 99.0 99.00 99.00 99.00 999 1021.9  -2.8 999.0 999.0  6.0 99.00
2015 02 11 00 35 150  7.6 99.0  0.30 99.00 99.00 999 1019.2  -2.8 999.0 999.0  3.0 99.00
2015 02 11 12 55 300  4.0 99.0  0.30 99.00 99.00 999 1012.4  -2.8 999.0 999.0  6.0 99.00
2015 02 11 15 55 290  5.4 99.0 99.00 99.00 99.00 999 1012.4  -2.8 999.0 999.0  1.0 99.00
2015 02 11 19 00 300  4.5 99.0  0.30 99.00 99.00 999 1012.4  -0.6 999.0 999.0  6.0 99.00
2015 02 12 00 55 334  6.7 99.0  0.30 99.00 99.00 999 1022.6  -8.3 999.0 999.0  3.0 99.00
2015 02 13 15 55 200  4.5 99.0  0.30 99.00 99.00 999 1019.2 -11.7 999.0 999.0  3.0 99.00
2015 02 13 18 55 230  4.5 99.0  0.30 99.00 99.00 999 1015.8 -11.1 999.0 999.0  1.0 99.00
2015 02 13 21 55 290  3.6 99.0  0.60 99.00 99.00 999 1012.4  -8.9 999.0 999.0  0.5 99.00
2015 02 14 01 05 230  2.2 99.0  0.30 99.00 99.00 999 1012.4  -8.9 999.0 999.0  6.0 99.00
2015 02 14 13 05 360  4.5 99.0  0.30 99.00 99.00 999 1014.1 -15.6 999.0 999.0  6.0 99.00
2015 02 14 16 10 310  7.6 99.0  0.30 99.00 99.00 999 1018.8 -15.6 999.0 999.0  6.0 99.00
2015 02 14 18 50 330  5.4 99.0  0.00 99.00 99.00 999 1021.2 -14.4 999.0 999.0  6.0 99.00
2015 02 14 22 15 320  4.5 99.0 99.00 99.00 99.00 999 1022.6 -16.1 999.0 999.0  6.0 99.00
2015 02 15 01 00 320  5.4 99.0  0.30 99.00 99.00 999 1029.3 -18.3 999.0 999.0  3.0 99.00
2015 02 15 13 05 300  2.7 99.0  0.30 99.00 99.00 999 1036.1 -22.2 999.0 999.0  0.5 99.00
2015 02 16 13 00 310  3.1 99.0  0.00 99.00 99.00 999 1024.9 -13.3 999.0 999.0  6.0 99.00
2015 02 16 16 35 300  2.2 99.0  0.30 99.00 99.00 999 1022.6  -9.4 999.0 999.0  6.0 99.00
2015 02 16 19 05 230  2.2 99.0  0.30 99.00 99.00 999 9999.0  -7.8 999.0 999.0  6.0 99.00
2015 02 16 21 45 220  2.2 99.0  0.00 99.00 99.00 999 1017.2  -8.3 999.0 999.0  6.0 99.00
2015 02 17 01 00 260  2.2 99.0  0.60 99.00 99.00 999 1016.1  -9.4 999.0 999.0  0.3 99.00
2015 02 17 16 00 310  4.5 99.0 99.00 99.00 99.00 999 1009.0 -11.7 999.0 999.0  6.0 99.00
2015 02 17 18 50 320  4.5 99.0  0.30 99.00 99.00 999 1022.6 -10.6 999.0 999.0  6.0 99.00
2015 02 17 23 25  28  2.2 99.0  0.30 99.00 99.00 999 1010.0 -11.7 999.0 999.0  6.0 99.00
2015 02 18 00 50  28  2.2 99.0  0.30 99.00 99.00 999 1010.0 -12.2 999.0 999.0  1.0 99.00
2015 02 18 12 50 310  5.4 99.0  0.30 99.00 99.00 999 1012.1 -17.8 999.0 999.0  3.0 99.00
2015 02 18 16 05 310  6.3 99.0  0.30 99.00 99.00 999 1013.4 -16.1 999.0 999.0  6.0 99.00
2015 02 18 18 55 300  6.7 99.0  0.00 99.00 99.00 999 1014.4 -14.4 999.0 999.0  6.0 99.00
2015 02 18 21 50 310  5.8 99.0  0.30 99.00 99.00 999 1016.8 -16.1 999.0 999.0  6.0 99.00
2015 02 19 00 55 340  4.5 99.0  0.30 99.00 99.00 999 1019.2 -18.9 999.0 999.0  3.0 99.00
2015 02 19 12 55 300  2.2 99.0  0.30 99.00 99.00 999 1024.9 -24.4 999.0 999.0  3.0 99.00
2015 02 19 18 55 310  4.0 99.0  0.30 99.00 99.00 999 1026.6 -17.2 999.0 999.0  1.0 99.00
2015 02 19 22 10 310  1.8 99.0  0.00 99.00 99.00 999 1026.3 -16.7 999.0 999.0  6.0 99.00
2015 02 20 01 00 300  1.3 99.0 99.00 99.00 99.00 999 1026.0 -21.1 999.0 999.0  6.0 99.00
2015 02 20 12 50 260  4.5 99.0  0.30 99.00 99.00 999 1022.6 -19.4 999.0 999.0  3.0 99.00
2015 02 20 16 10 210  6.7 99.0 99.00 99.00 99.00 999 1019.2 -13.9 999.0 999.0  3.0 99.00
2015 02 20 19 00 270  4.0 99.0  0.30 99.00 99.00 999 1022.6 -10.6 999.0 999.0  6.0 99.00
2015 02 20 21 55 210  4.0 99.0  0.60 99.00 99.00 999 1015.5 -10.0 999.0 999.0  6.0 99.00
2015 02 21 00 35  22  4.0 99.0  0.30 99.00 99.00 999 1013.1  -9.4 999.0 999.0  1.0 99.00
2015 02 21 13 15 320  2.2 99.0  0.30 99.00 99.00 999 9999.0  -9.4 999.0 999.0  6.0 99.00
2015 02 21 16 00 310  2.2 99.0  0.30 99.00 99.00 999 9999.0  -6.1 999.0 999.0  6.0 99.00
2015 02 21 18 55 340  4.5 99.0  0.30 99.00 99.00 999 1015.5  -3.3 999.0 999.0  6.0 99.00
2015 02 21 21 55  12  1.8 99.0  0.30 99.00 99.00 999 1015.8  -4.4 999.0 999.0  6.0 99.00
2015 02 22 01 15 320  1.3 99.0  0.30 99.00 99.00 999 1018.5  -5.6 999.0 999.0  6.0 99.00
2015 02 22 13 20 310  4.0 99.0  0.00 99.00 99.00 999 1026.3 999.0 999.0 999.0  6.0 99.00
2015 02 22 16 15 330  0.9 99.0  0.00 99.00 99.00 999 1030.4 -13.3 999.0 999.0  6.0 99.00
2015 02 22 19 00 310  4.5 99.0  0.00 99.00 99.00 999 1031.4 -13.3 999.0 999.0  6.0 99.00
2015 02 22 23 30 330  2.2 99.0 99.00 99.00 99.00 999 9999.0 -14.4 999.0 999.0  3.0 99.00
2015 02 23 13 30  28  2.2 99.0  0.30 99.00 99.00 999 9999.0 999.0 999.0 999.0  6.0 99.00
2015 02 23 16 55 240  2.7 99.0 99.00 99.00 99.00 999 1036.5 -17.8 999.0 999.0  6.0 99.00
2015 02 23 19 00 230  6.3 99.0 99.00 99.00 99.00 999 1033.1 -15.6 999.0 999.0  6.0 99.00
2015 02 24 00 55 230  3.1 99.0  0.30 99.00 99.00 999 1024.3 -15.6 999.0 999.0  6.0 99.00
2015 02 24 12 55 220  5.8 99.0  0.60 99.00 99.00 999 1003.6 -10.0 999.0 999.0  6.0 99.00
2015 02 24 16 05 210  4.5 99.0  0.30 99.00 99.00 999 1000.6  -6.1 999.0 999.0  6.0 99.00
2015 02 24 18 50 265  4.5 99.0  0.90 99.00 99.00 999  998.9  -1.7 999.0 999.0  6.0 99.00
2015 02 24 21 50 300  5.4 99.0  0.60 99.00 99.00 999  997.9   1.1 999.0 999.0  6.0 99.00
2015 02 25 01 30 340  8.9 99.0  0.30 99.00 99.00 999 1005.6  -8.9 999.0 999.0  3.0 99.00
2015 02 25 13 01  30  0.9 99.0  0.00 99.00 99.00 999 1015.8 -21.7 999.0 999.0  3.0 99.00
2015 02 25 16 10 290  4.5 99.0 99.00 99.00 99.00 999 1015.8 -13.9 999.0 999.0  1.0 99.00
2015 02 25 19 00  31  2.2 99.0  0.30 99.00 99.00 999 1016.8 -12.2 999.0 999.0  6.0 99.00
2015 02 25 22 05 170  0.9 99.0  0.00 99.00 99.00 999 1016.1 -11.1 999.0 999.0  6.0 99.00
2015 02 26 01 15 330  1.3 99.0 99.00 99.00 99.00 999 1019.2 -14.4 999.0 999.0  0.3 99.00
2015 02 26 13 06 310  3.6 99.0  0.00 99.00 99.00 999 1025.6 -20.6 999.0 999.0  1.0 99.00
2015 02 26 16 00  30  4.0 99.0  0.00 99.00 99.00 999 1027.0 -14.4 999.0 999.0  6.0 99.00
2015 02 26 18 45  36  2.2 99.0 99.00 99.00 99.00 999 1026.0 -12.8 999.0 999.0  3.0 99.00
2015 02 26 22 05  40  2.2 99.0 99.00 99.00 99.00 999 1026.3 -11.7 999.0 999.0  6.0 99.00
2015 02 27 00 35  26  1.3 99.0  0.30 99.00 99.00 999 9999.0 -16.1 999.0 999.0  1.0 99.00
2015 02 27 13 31 300  2.2 99.0 99.00 99.00 99.00 999 1031.0 -17.8 999.0 999.0  3.0 99.00
2015 02 27 15 55 210  2.2 99.0  0.30 99.00 99.00 999 1033.4 -12.2 999.0 999.0  6.0 99.00
2015 02 27 18 50 130  4.5 99.0  0.30 99.00 99.00 999 1032.7 -10.0 999.0 999.0  6.0 99.00
2015 02 27 21 55 280  3.1 99.0  0.30 99.00 99.00 999 1032.7  -7.8 999.0 999.0  6.0 99.00
2015 02 28 00 35 240  1.8 99.0 99.00 99.00 99.00 999 1032.7 -11.1 999.0 999.0 99.0 99.00
2015 02 28 13 00 270  1.8 99.0  0.00 99.00 99.00 999 1036.5 -16.1 999.0 999.0  6.0 99.00
2015 02 28 15 50 250  1.8 99.0  0.00 99.00 99.00 999 1037.5 -11.1 999.0 999.0  6.0 99.00
2015 02 28 19 00 210  3.6 99.0 99.00 99.00 99.00 999 1036.1  -7.2 999.0 999.0  6.0 99.00
2015 02 28 21 45 180  6.3 99.0  0.30 99.00 99.00 999 1034.4  -6.7 999.0 999.0  6.0 99.00
2015 03 01 00 55 230  2.2 99.0  0.30 99.00 99.00 999 1033.1  -8.9 999.0 999.0  6.0 99.00
2015 03 01 13 00 240  0.9 99.0  0.30 99.00 99.00 999 1027.7 -12.2 999.0 999.0  6.0 99.00
2015 03 01 15 40 230  4.5 99.0  0.30 99.00 99.00 999 1026.6  -7.8 999.0 999.0  6.0 99.00
2015 03 01 19 10 210  3.6 99.0 99.00 99.00 99.00 999 1023.2  -3.3 999.0 999.0  6.0 99.00
2015 03 01 21 50 220  4.5 99.0  0.00 99.00 99.00 999 1021.9  -3.3 999.0 999.0  6.0 99.00
2015 03 02 00 45 290  3.6 99.0 99.00 99.00 99.00 999 1020.9  -5.6 999.0 999.0 99.0 99.00
2015 03 02 12 50 270  1.3 99.0  0.30 99.00 99.00 999 1033.1 -13.3 999.0 999.0  6.0 99.00
2015 03 02 21 00  12 11.2 99.0 99.00 99.00 99.00 999 1034.4  -3.9 999.0 999.0  6.0 99.00
2015 03 02 21 50  17  4.5 99.0  0.30 99.00 99.00 999 9999.0  -3.9 999.0 999.0  6.0 99.00
2015 03 02 23 00 180  4.9 99.0  0.60 99.00 99.00 999 1029.3  -3.9 999.0 999.0  6.0 99.00
2015 03 03 02 00 240  2.2 99.0  0.00 99.00 99.00 999 1027.0  -6.7 999.0 999.0  6.0 99.00
2015 03 03 13 16 180  9.4 99.0  0.90 99.00 99.00 999 1012.8  -1.1 999.0 999.0  6.0 99.00
2015 03 03 15 50 180  8.9 99.0  0.90 99.00 99.00 999 1007.3  -2.2 999.0 999.0  0.5 99.00
2015 03 03 19 10 190  4.5 99.0  0.60 99.00 99.00 999 1002.3  -2.2 999.0 999.0  6.0 99.00
2015 03 03 22 05 290  3.6 99.0 99.00 99.00 99.00 999 1001.2  -2.2 999.0 999.0 99.0 99.00
2015 03 04 00 45  23  2.2 99.0  0.30 99.00 99.00 999 1003.3  -3.9 999.0 999.0  1.0 99.00
2015 03 04 13 05 290  2.7 99.0  0.30 99.00 99.00 999 1012.4 -12.2 999.0 999.0  6.0 99.00
2015 03 06 16 05 210  4.5 99.0 99.00 99.00 99.00 999 1024.3  -8.3 999.0 999.0  3.0 99.00
2015 03 06 18 55 190  4.5 99.0 99.00 99.00 99.00 999 1019.2  -2.8 999.0 999.0  6.0 99.00
2015 03 06 22 15 200  7.2 99.0  0.60 99.00 99.00 999 1016.8  -2.2 999.0 999.0  6.0 99.00
2015 03 07 00 40  21  4.5 99.0  0.60 99.00 99.00 999 1016.1  -3.9 999.0 999.0  1.0 99.00
2015 03 07 13 10 230  2.7 99.0  0.30 99.00 99.00 999 1014.1  -5.0 999.0 999.0  6.0 99.00
2015 03 07 16 00 270  1.8 99.0  0.30 99.00 99.00 999 1013.4  -1.1 999.0 999.0  6.0 99.00
2015 03 07 19 25 320  5.4 99.0 99.00 99.00 99.00 999 1015.8   3.3 999.0 999.0  1.0 99.00
2015 03 07 22 05 310  2.2 99.0  0.30 99.00 99.00 999 1014.8   3.3 999.0 999.0  6.0 99.00
2015 03 08 00 35  30  1.3 99.0  0.30 99.00 99.00 999 1022.6   1.1 999.0 999.0  1.0 99.00
2015 03 08 12 05 280  0.9 99.0  0.00 99.00 99.00 999 1014.8  -5.6 999.0 999.0  6.0 99.00
2015 03 08 18 50 230  8.9 99.0 99.00 99.00 99.00 999 1015.8   6.1 999.0 999.0  6.0 99.00
2015 03 08 20 45 210  6.3 99.0  0.30 99.00 99.00 999 1014.8   7.2 999.0 999.0  6.0 99.00
2015 03 08 23 55 270  3.6 99.0 99.00 99.00 99.00 999 1014.1   5.0 999.0 999.0  6.0 99.00
2015 03 09 12 20 300  2.2 99.0  0.30 99.00 99.00 999 1018.5  -1.1 999.0 999.0  6.0 99.00
2015 03 09 14 55 310  3.1 99.0  0.00 99.00 99.00 999 1019.2   6.1 999.0 999.0  6.0 99.00
2015 03 09 20 55 190  4.5 99.0  0.30 99.00 99.00 999 1016.5   1.7 999.0 999.0  6.0 99.00
2015 03 10 12 00 200  1.8 99.0  0.60 99.00 99.00 999 1014.1   0.6 999.0 999.0  6.0 99.00
2015 03 11 15 30 310  2.2 99.0 99.00 99.00 99.00 999 1022.6   5.0 999.0 999.0  6.0 99.00
2015 03 11 18 00 310  3.6 99.0  0.30 99.00 99.00 999 1024.3  10.6 999.0 999.0  6.0 99.00
2015 03 11 20 55 140  4.5 99.0  0.30 99.00 99.00 999 9999.0   6.1 999.0 999.0  6.0 99.00
2015 03 12 12 20 150  2.7 99.0  0.30 99.00 99.00 999 9999.0   1.1 999.0 999.0  6.0 99.00
2015 03 12 15 05 150  3.1 99.0 99.00 99.00 99.00 999 1036.1   1.7 999.0 999.0  6.0 99.00
2015 03 12 18 00 170  5.4 99.0 99.00 99.00 99.00 999 1036.1   2.2 999.0 999.0  6.0 99.00
2015 03 12 21 30 180  4.9 99.0  0.60 99.00 99.00 999 1031.0   2.2 999.0 999.0  6.0 99.00
2015 03 13 00 05 170  7.2 99.0  0.60 99.00 99.00 999 1029.3   2.8 999.0 999.0  6.0 99.00
2015 03 13 12 11 190  6.7 99.0  0.60 99.00 99.00 999 1022.9   1.7 999.0 999.0  6.0 99.00
2015 03 13 14 55 190  6.7 99.0  0.60 99.00 99.00 999 1022.2   1.7 999.0 999.0  6.0 99.00
2015 03 13 18 05 190  7.6 99.0  0.90 99.00 99.00 999 1021.2   2.8 999.0 999.0  6.0 99.00
2015 03 13 21 10 200  6.7 99.0  0.60 99.00 99.00 999 1015.8   3.3 999.0 999.0  6.0 99.00
2015 03 14 00 00 190  5.4 99.0  0.30 99.00 99.00 999 1013.8   3.3 999.0 999.0  6.0 99.00
2015 03 14 14 50 310  3.1 99.0  0.00 99.00 99.00 999 1015.8   4.4 999.0 999.0  6.0 99.00
2015 03 14 18 30 350  3.1 99.0 99.00 99.00 99.00 999 1015.8   6.1 999.0 999.0  6.0 99.00
2015 03 14 20 50 330  3.1 99.0  0.00 99.00 99.00 999 1016.5   5.6 999.0 999.0  6.0 99.00
2015 03 15 00 00 300  2.7 99.0  0.30 99.00 99.00 999 1018.8   3.9 999.0 999.0  6.0 99.00
2015 03 16 21 05   1  2.7 99.0  0.60 99.00 99.00 999 1009.0   9.4 999.0 999.0  6.0 99.00
2015 03 17 00 10  10  4.5 99.0 99.00 99.00 99.00 999 1010.7   6.7 999.0 999.0  3.0 99.00
2015 03 17 12 10 330  2.2 99.0  0.00 99.00 99.00 999 1024.3  -2.2 999.0 999.0  6.0 99.00
2015 03 17 15 10 330  2.7 99.0  0.30 99.00 99.00 999 1026.0   1.1 999.0 999.0  6.0 99.00
2015 03 17 20 50 310  3.6 99.0  0.30 99.00 99.00 999 1026.0   5.0 999.0 999.0  6.0 99.00
2015 03 18 00 00  34  2.2 99.0  0.60 99.00 99.00 999 1024.3   2.2 999.0 999.0  6.0 99.00
2015 03 18 12 05 290  0.9 99.0 99.00 99.00 99.00 999 1022.6  -2.8 999.0 999.0  6.0 99.00
2015 03 18 14 55 290  2.2 99.0  0.30 99.00 99.00 999 1025.3   2.8 999.0 999.0  6.0 99.00
2015 03 18 17 35 110  1.8 99.0  0.30 99.00 99.00 999 1024.9   3.3 999.0 999.0  6.0 99.00
2015 03 18 20 55 140  4.5 99.0  0.30 99.00 99.00 999 1024.6   1.1 999.0 999.0  6.0 99.00
2015 03 18 23 50 999  3.6 99.0  0.30 99.00 99.00 999 1024.6   0.6 999.0 999.0  6.0 99.00
2015 03 19 11 55 130  6.7 99.0  0.90 99.00 99.00 999 1026.3  -0.6 999.0 999.0  6.0 99.00
2015 03 19 18 00 170  5.8 99.0  0.90 99.00 99.00 999 9999.0   0.6 999.0 999.0  6.0 99.00
2015 03 19 21 00 180  6.7 99.0  0.60 99.00 99.00 999 1022.9   1.1 999.0 999.0  6.0 99.00
2015 03 19 23 50 170  7.2 99.0  0.30 99.00 99.00 999 1021.9   1.7 999.0 999.0  6.0 99.00
2015 03 20 12 06 210  2.2 99.0  0.00 99.00 99.00 999 1017.2   1.7 999.0 999.0  6.0 99.00
2015 03 20 14 50 190  4.5 99.0 99.00 99.00 99.00 999 9999.0   3.3 999.0 999.0  6.0 99.00
2015 03 20 18 05 180  6.3 99.0 99.00 99.00 99.00 999 9999.0   3.3 999.0 999.0  6.0 99.00
2015 03 21 00 00 190  2.2 99.0  0.90 99.00 99.00 999 1014.1   3.3 999.0 999.0  6.0 99.00
2015 03 21 12 10  20  2.7 99.0  0.60 99.00 99.00 999 1019.2   0.6 999.0 999.0  6.0 99.00
2015 03 21 15 10  40  2.7 99.0  0.30 99.00 99.00 999 9999.0  -1.1 999.0 999.0  6.0 99.00
2015 03 21 18 00 101  2.2 99.0  0.30 99.00 99.00 999 9999.0 999.0 999.0 999.0  6.0 99.00
2015 03 21 21 00   6  4.5 99.0  0.60 99.00 99.00 999 1022.9  -2.2 999.0 999.0  6.0 99.00
2015 03 22 11 55 310  1.8 99.0  0.00 99.00 99.00 999 9999.0  -6.7 999.0 999.0  6.0 99.00
2015 03 22 14 55 310  3.1 99.0  0.00 99.00 99.00 999 1028.0  -1.1 999.0 999.0  6.0 99.00
2015 03 22 18 05 310  4.5 99.0  0.30 99.00 99.00 999 1028.0   0.6 999.0 999.0  6.0 99.00
2015 03 22 21 05 120  4.0 99.0  0.30 99.00 99.00 999 9999.0  -1.7   3.0 999.0  6.0 99.00
2015 03 23 00 40 110  2.2 99.0  0.60 99.00 99.00 999 1026.0  -2.2 999.0 999.0  6.0 99.00
2015 03 23 11 50   5  3.6 99.0  0.60 99.00 99.00 999 1027.3  -4.4 999.0 999.0  6.0 99.00
2015 03 23 15 00  60  4.5 99.0  0.60 99.00 99.00 999 1029.0  -3.3 999.0 999.0  6.0 99.00
2015 03 23 17 55  60  3.1 99.0  0.60 99.00 99.00 999 1029.3  -2.8 999.0 999.0  6.0 99.00
2015 03 23 21 00  50  4.5 99.0  0.30 99.00 99.00 999 1027.7  -1.7 999.0 999.0  6.0 99.00
2015 03 23 23 50  30  2.7 99.0  0.30 99.00 99.00 999 1027.3  -2.8 999.0 999.0  6.0 99.00
2015 03 24 12 00 310  3.1 99.0  0.00 99.00 99.00 999 1027.0  -8.9 999.0 999.0  6.0 99.00
2015 03 25 18 25 220  5.8 99.0  0.60 99.00 99.00 999 1009.0   2.2 999.0 999.0  6.0 99.00
2015 03 25 21 15 270  2.2 99.0  0.30 99.00 99.00 999 1009.4   3.3 999.0 999.0  6.0 99.00
2015 03 25 23 55 190  2.2 99.0  0.30 99.00 99.00 999 1010.7   3.9 999.0 999.0  6.0 99.00
2015 03 26 12 00 270  3.6 99.0  0.00 99.00 99.00 999 1012.4   1.1 999.0 999.0  6.0 99.00
2015 03 26 15 00 310  4.0 99.0  0.30 99.00 99.00 999 1013.1   1.1 999.0 999.0  6.0 99.00
2015 03 26 18 00 320  4.5 99.0  0.30 99.00 99.00 999 1014.1  -0.6 999.0 999.0  6.0 99.00
2015 03 26 20 55 360  4.5 99.0  0.30 99.00 99.00 999 1013.8   0.0 999.0 999.0  6.0 99.00
2015 03 27 00 00 360  4.5 99.0  0.30 99.00 99.00 999 1017.2  -2.8 999.0 999.0  6.0 99.00
2015 03 27 12 00 350  2.2 99.0  0.00 99.00 99.00 999 1022.6 -10.0 999.0 999.0  6.0 99.00
2015 03 27 16 05  30  5.8 99.0  0.60 99.00 99.00 999 1023.9  -6.7 999.0 999.0  6.0 99.00
2015 03 27 18 00 310  4.0 99.0  0.30 99.00 99.00 999 1023.6  -4.4 999.0 999.0  6.0 99.00
2015 03 27 20 50  30  3.6 99.0  0.60 99.00 99.00 999 1023.2  -3.3 999.0 999.0  6.0 99.00
2015 03 28 00 00  30  4.5 99.0  0.60 99.00 99.00 999 1022.6  -3.9 999.0 999.0  3.0 99.00
2015 03 28 12 00 310  2.2 99.0 99.00 99.00 99.00 999 1026.0 -11.1 999.0 999.0  6.0 99.00
2015 03 28 14 50 120  2.2 99.0 99.00 99.00 99.00 999 1027.7  -3.3 999.0 999.0  6.0 99.00
2015 03 28 16 35 160  3.6 99.0 99.00 99.00 99.00 999 1027.7  -2.8 999.0 999.0  6.0 99.00
2015 03 28 18 10 160  4.5 99.0  0.30 99.00 99.00 999 1026.6  -1.7 999.0 999.0  6.0 99.00
2015 03 28 20 55 180  6.3 99.0  0.60 99.00 99.00 999 1025.3  -1.1 999.0 999.0  6.0 99.00
2015 03 28 23 50 180  9.4 99.0  0.90 99.00 99.00 999 1023.2  -0.6 999.0 999.0  6.0 99.00
2015 03 30 12 05 250  4.9 99.0  0.30 99.00 99.00 999 1010.4   2.2 999.0 999.0  6.0 99.00
2015 03 30 15 10 300  4.9 99.0  0.30 99.00 99.00 999 1012.4   7.8 999.0 999.0  6.0 99.00
2015 03 30 17 55 290  2.7 99.0  0.00 99.00 99.00 999 1013.1  10.6 999.0 999.0  6.0 99.00
2015 03 30 21 00 140  4.0 99.0  0.30 99.00 99.00 999 1013.4   3.3 999.0 999.0  6.0 99.00
2015 03 30 23 55 130  2.2 99.0  0.30 99.00 99.00 999 1013.1   2.2 999.0 999.0  6.0 99.00
2015 03 31 12 05  32  1.3 99.0  0.60 99.00 99.00 999 1012.4   0.6 999.0 999.0  6.0 99.00
2015 03 31 14 55   6  3.6 99.0  0.30 99.00 99.00 999 1013.1   2.8 999.0 999.0  6.0 99.00
2015 03 31 18 00 140  2.7 99.0  0.60 99.00 99.00 999 1015.1   2.8   1.0 999.0  6.0 99.00
2015 03 31 20 45 170  4.5 99.0  0.30 99.00 99.00 999 1014.1   2.2 999.0 999.0  6.0 99.00
2015 04 01 00 35  20  1.3 99.0  0.90 99.00 99.00 999 1012.4   3.3 999.0 999.0  6.0 99.00
2015 04 01 11 50  33  1.3 99.0  0.30 99.00 99.00 999 1016.8  -2.8 999.0 999.0  6.0 99.00
2015 04 01 15 00  80  2.2 99.0  0.30 99.00 99.00 999 1018.8   1.7 999.0 999.0  6.0 99.00
2015 04 01 18 20 140  3.1 99.0  0.90 99.00 99.00 999 1019.2   2.8   1.0 999.0  3.0 99.00
2015 04 01 20 50 170  4.5 99.0  0.30 99.00 99.00 999 1013.1   3.9 999.0 999.0  6.0 99.00
2015 04 01 23 55 180  5.8 99.0  0.30 99.00 99.00 999 1009.0   3.9 999.0 999.0  3.0 99.00
2015 04 02 11 55 200  5.4 99.0  0.60 99.00 99.00 999 1002.9   5.0 999.0 999.0  6.0 99.00
2015 04 02 23 40 250  2.2 99.0  0.60 99.00 99.00 999 1003.9  15.6 999.0 999.0  6.0 99.00
2015 04 03 11 55 310  2.7 99.0  0.00 99.00 99.00 999 1013.8  -1.7 999.0 999.0  6.0 99.00
2015 04 03 15 10 350  3.6 99.0  0.30 99.00 99.00 999 1015.8   2.8 999.0 999.0  6.0 99.00
2015 04 03 18 05   1  3.6 99.0  0.60 99.00 99.00 999 1016.5   2.8 999.0 999.0  6.0 99.00
2015 04 03 21 05  60  6.7 99.0  0.90 99.00 99.00 999 1019.2   0.6 999.0 999.0  6.0 99.00
2015 04 03 23 45   6  6.7 99.0  0.60 99.00 99.00 999 9999.0  -0.6 999.0 999.0  6.0 99.00
2015 04 04 12 00 230  2.7 99.0 99.00 99.00 99.00 999 1020.9  -2.8 999.0 999.0  6.0 99.00
2015 04 04 14 45  21  4.0 99.0  0.60 99.00 99.00 999 1019.9   0.6 999.0 999.0  6.0 99.00
2015 04 04 17 50  18  4.5 99.0  0.60 99.00 99.00 999 1019.9   2.8 999.0 999.0  6.0 99.00
2015 04 04 20 55  80  5.4 99.0  0.30 99.00 99.00 999 1019.2   2.8 999.0 999.0  6.0 99.00
2015 04 04 23 55 120  3.6 99.0  0.30 99.00 99.00 999 1019.2   1.7 999.0 999.0  3.0 99.00
2015 04 05 12 05  95  4.5 99.0  0.30 99.00 99.00 999 1018.8   1.7 999.0 999.0  6.0 99.00
2015 04 05 18 05  50  5.4 99.0  0.60 99.00 99.00 999 1019.5   1.1 999.0 999.0  6.0 99.00
2015 04 05 20 45  50  6.3 99.0  0.60 99.00 99.00 999 1020.9   1.1 999.0 999.0  3.0 99.00
2015 04 05 23 45   6  5.4 99.0  0.60 99.00 99.00 999 1019.9   0.6 999.0 999.0  6.0 99.00
2015 04 06 12 11  40  4.5 99.0  0.90 99.00 99.00 999 1019.2   0.6 999.0 999.0  6.0 99.00
2015 04 06 17 35  60  4.5 99.0  1.20 99.00 99.00 999 1020.9   2.2   3.0 999.0  3.0 99.00
2015 04 06 20 55  50  6.7 99.0  1.20 99.00 99.00 999 1020.2   2.8 999.0 999.0  6.0 99.00
2015 04 07 00 00  40  3.6 99.0 99.00 99.00 99.00 999 1020.9   0.6 999.0 999.0  6.0 99.00
2015 04 07 11 50  50 11.2 99.0  0.90 99.00 99.00 999 1024.3   1.1 999.0 999.0  6.0 99.00
2015 04 07 19 15  40  8.9 99.0  0.60 99.00 99.00 999 1026.0   3.9 999.0 999.0  6.0 99.00
2015 04 07 20 50  50  7.2 99.0  0.90 99.00 99.00 999 1025.3   3.3 999.0 999.0  6.0 99.00
2015 04 08 00 15  40  4.9 99.0  1.20 99.00 99.00 999 1022.6   3.3 999.0 999.0  6.0 99.00
2015 04 08 12 00  40  3.6 99.0  0.60 99.00 99.00 999 1019.2   1.1 999.0 999.0  1.0 99.00
2015 04 08 17 50   5  4.5 99.0  0.60 99.00 99.00 999 1019.2   2.8 999.0 999.0  6.0 99.00
2015 04 08 21 00   5  4.9 99.0  0.60 99.00 99.00 999 1016.1   3.3 999.0 999.0  6.0 99.00
2015 04 09 00 05  20  3.1 99.0  0.60 99.00 99.00 999 1020.9   2.2 999.0 999.0  6.0 99.00
2015 04 09 17 50   5  4.5 99.0  0.60 99.00 99.00 999 1005.6   2.8 999.0 999.0  1.0 99.00
2015 04 09 21 00  70  3.6 99.0  0.60 99.00 99.00 999 1002.3  -1.7 999.0 999.0  6.0 99.00
2015 04 09 23 55 310  5.8 99.0  0.60 99.00 99.00 999 1002.3   2.8 999.0 999.0  6.0 99.00
2015 04 10 11 55 330  4.5 99.0  0.60 99.00 99.00 999  999.9   1.1 999.0 999.0  6.0 99.00
2015 04 10 14 55 300  5.8 99.0 99.00 99.00 99.00 999 1005.6   5.0 999.0 999.0  6.0 99.00
2015 04 10 17 45 290  4.5 99.0  0.60 99.00 99.00 999 1009.0   7.8 999.0 999.0  6.0 99.00
2015 04 11 11 55 300  2.2 99.0  0.30 99.00 99.00 999 1019.2   0.0 999.0 999.0  6.0 99.00
2015 04 12 14 45 180  5.4 99.0  0.90 99.00 99.00 999 1018.8   5.0 999.0 999.0  6.0 99.00
2015 04 12 18 00 180  7.6 99.0 99.00 99.00 99.00 999 1018.5   5.0 999.0 999.0  6.0 99.00
2015 04 12 21 05 190  7.2 99.0 99.00 99.00 99.00 999 1015.8   5.6 999.0 999.0  6.0 99.00
2015 04 12 23 45 190  6.7 99.0  0.90 99.00 99.00 999 1012.4   7.2 999.0 999.0  6.0 99.00
2015 04 13 12 00 190  1.3 99.0  0.60 99.00 99.00 999 1007.3   5.6 999.0 999.0  6.0 99.00
2015 04 13 18 20  31  4.5 99.0  0.60 99.00 99.00 999 1012.4  16.7 999.0 999.0  6.0 99.00
2015 04 13 21 35 300  4.5 99.0  0.60 99.00 99.00 999 1012.4  16.1 999.0 999.0  6.0 99.00
2015 04 14 00 30 290  2.7 99.0  0.30 99.00 99.00 999 1015.8  13.3 999.0 999.0  6.0 99.00
2015 04 14 12 06 300  2.7 99.0  0.30 99.00 99.00 999 1022.6   1.7 999.0 999.0  6.0 99.00
2015 04 14 14 50 320  2.7 99.0  0.30 99.00 99.00 999 1023.2  14.4 999.0 999.0  6.0 99.00
2015 04 14 17 45 160  4.5 99.0  0.60 99.00 99.00 999 1025.3   9.4   8.0 999.0  6.0 99.00
2015 04 14 20 55 185  4.5 99.0  0.60 99.00 99.00 999 1024.3   7.8   8.0 999.0  1.0 99.00
2015 04 15 00 10 180  4.0 99.0  0.30 99.00 99.00 999 1022.6   6.7 999.0 999.0  6.0 99.00
2015 04 15 11 55  35  1.3 99.0  0.60 99.00 99.00 999 1027.7   0.6 999.0 999.0  6.0 99.00
2015 04 15 20 55  50  4.5 99.0  0.60 99.00 99.00 999 1027.7 999.0 999.0 999.0  6.0 99.00
2015 04 16 01 00  60  8.9 99.0 99.00 99.00 99.00 999 1026.6   7.2 999.0 999.0  6.0 99.00
2015 04 16 12 00  90  2.2 99.0  0.60 99.00 99.00 999 1023.2   4.4 999.0 999.0  6.0 99.00
2015 04 16 20 55 140  2.2 99.0  0.90 99.00 99.00 999 1019.2   5.0   8.0 999.0  6.0 99.00
2015 04 17 12 06 310  0.9 99.0  0.30 99.00 99.00 999 1019.2   4.4 999.0 999.0  6.0 99.00
2015 04 17 19 15 130  1.8 99.0  0.30 99.00 99.00 999 1019.2   8.3   8.0 999.0  3.0 99.00
2015 04 17 21 05 150  0.9 99.0 99.00 99.00 99.00 999 1018.5   8.3 999.0 999.0  6.0 99.00
2015 04 18 11 55 334  1.8 99.0  0.30 99.00 99.00 999 1022.6   6.1 999.0 999.0  6.0 99.00
2015 04 18 14 45  40  5.4 99.0  0.30 99.00 99.00 999 1022.2   8.9 999.0 999.0  6.0 99.00
2015 04 19 12 00  60  3.6 99.0  0.30 99.00 99.00 999 1016.8   5.0 999.0 999.0  6.0 99.00
2015 04 19 15 15  40  3.6 99.0  0.30 99.00 99.00 999 1014.1   5.6 999.0 999.0  6.0 99.00
2015 04 19 18 15   4  4.5 99.0  0.30 99.00 99.00 999 1022.6   7.8 999.0 999.0  6.0 99.00
2015 04 19 21 10  60  4.5 99.0  0.60 99.00 99.00 999 1022.6  10.0 999.0 999.0  6.0 99.00
2015 04 20 11 45 320  1.8 99.0 99.00 99.00 99.00 999 9999.0   4.4 999.0 999.0  6.0 99.00
2015 04 20 21 05 270  4.5 99.0  0.60 99.00 99.00 999 9999.0   3.9 999.0 999.0  6.0 99.00
2015 04 21 11 55 320  2.7 99.0  0.60 99.00 99.00 999 9999.0   2.8 999.0 999.0  6.0 99.00
2015 04 21 14 40 290  4.0 99.0  0.60 99.00 99.00 999 9999.0   3.9 999.0 999.0  6.0 99.00
2015 04 21 17 55 290  5.8 99.0  0.60 99.00 99.00 999 9999.0   5.6 999.0 999.0  6.0 99.00
2015 04 21 20 45 310  4.5 99.0  0.90 99.00 99.00 999 1002.3   6.7   5.0 999.0  0.5 99.00
2015 04 22 12 00 290  4.5 99.0  0.30 99.00 99.00 999 1003.6   0.0 999.0 999.0  6.0 99.00
2015 04 22 21 00 320  2.2 99.0 99.00 99.00 99.00 999 1007.3   0.0 999.0 999.0  3.0 99.00
2015 04 23 00 10 330  1.3 99.0 99.00 99.00 99.00 999 1009.0  -1.1 999.0 999.0  6.0 99.00
2015 04 23 11 55 320  2.7 99.0  0.30 99.00 99.00 999 1022.6  -0.6 999.0 999.0  6.0 99.00
2015 04 23 14 55 320  4.5 99.0  1.20 99.00 99.00 999 1015.8   2.8   5.0 999.0  3.0 99.00
2015 04 23 21 15 350  1.8 99.0  0.30 99.00 99.00 999 1015.1   8.9 999.0 999.0  6.0 99.00
2015 04 24 12 05 330  0.9 99.0  0.30 99.00 99.00 999 1022.6  -1.1 999.0 999.0  6.0 99.00
2015 04 24 18 40 100  4.5 99.0 99.00 99.00 99.00 999 1019.2   4.4   5.0 999.0  3.0 99.00
2015 04 24 21 00  80  3.6 99.0  0.30 99.00 99.00 999 1017.8   2.8 999.0 999.0  6.0 99.00
2015 04 25 11 45  60  5.4 99.0  0.60 99.00 99.00 999 1015.1   2.2 999.0 999.0  6.0 99.00
2015 04 25 15 50  40  4.5 99.0  0.60 99.00 99.00 999 1015.1   3.9 999.0 999.0  6.0 99.00
2015 04 25 18 00  50  6.7 99.0  0.60 99.00 99.00 999 1015.5   5.0 999.0 999.0  6.0 99.00
2015 04 25 21 05  50  2.7 99.0  1.20 99.00 99.00 999 1013.8   5.6 999.0 999.0  6.0 99.00
2015 04 26 00 50  45  3.6 99.0  0.60 99.00 99.00 999 1015.1   5.6 999.0 999.0  6.0 99.00
2015 04 26 11 35 350  2.2 99.0  0.30 99.00 99.00 999 1015.8   1.7 999.0 999.0  6.0 99.00
2015 04 26 15 15  70  2.2 99.0  0.30 99.00 99.00 999 1019.2   6.1 999.0 999.0  6.0 99.00
2015 04 26 18 05 145  2.2 99.0  0.30 99.00 99.00 999 1018.5   6.1   3.0 999.0  6.0 99.00
2015 04 26 21 25  40  4.5 99.0  0.30 99.00 99.00 999 1016.5   7.2 999.0 999.0  6.0 99.00
2015 04 27 00 15  60  4.5 99.0  0.30 99.00 99.00 999 1016.5   7.2 999.0 999.0  6.0 99.00
2015 04 27 11 45 320  2.7 99.0 99.00 99.00 99.00 999 1019.2   3.3 999.0 999.0  6.0 99.00
2015 04 27 16 25  60  4.5 99.0  0.90 99.00 99.00 999 1019.2   6.7   5.0 999.0  3.0 99.00
2015 04 28 11 56 300  3.6 99.0  0.30 99.00 99.00 999 1022.6   2.8 999.0 999.0  6.0 99.00
2015 04 28 15 05  60  4.5 99.0  0.30 99.00 99.00 999 1022.6   6.7 999.0 999.0  6.0 99.00
2015 04 29 11 45 310  1.3 99.0 99.00 99.00 99.00 999 1015.8   3.9 999.0 999.0  6.0 99.00
2015 04 29 15 40  32  3.1 99.0  0.00 99.00 99.00 999 1015.8  11.7 999.0 999.0  6.0 99.00
2015 04 29 18 30   6  4.5 99.0  0.30 99.00 99.00 999 1015.8   8.9 999.0 999.0  6.0 99.00
2015 04 29 21 25  60  4.5 99.0  0.30 99.00 99.00 999 1015.8   8.3 999.0 999.0  6.0 99.00
2015 04 30 00 15  50  4.0 99.0  0.30 99.00 99.00 999 1014.4   7.8 999.0 999.0  6.0 99.00
2015 04 30 12 06  10  2.7 99.0 99.00 99.00 99.00 999 1015.8   5.0 999.0 999.0  3.0 99.00
2015 04 30 18 05  60  4.5 99.0  0.60 99.00 99.00 999 1017.8   7.2 999.0 999.0  6.0 99.00
2015 04 30 20 50 120  1.8 99.0  0.00 99.00 99.00 999 1017.5   6.1 999.0 999.0  6.0 99.00
2015 05 01 00 05 110  0.9 99.0  0.30 99.00 99.00 999 1018.5   5.6 999.0 999.0  6.0 99.00
2015 05 01 11 55 310  1.8 99.0  0.30 99.00 99.00 999 1022.6   3.3 999.0 999.0  3.0 99.00
2015 05 01 15 25 160  2.2 99.0  0.30 99.00 99.00 999 1022.6   6.7 999.0 999.0  6.0 99.00
2015 05 01 18 25 180  4.0 99.0  0.30 99.00 99.00 999 1022.2   7.2 999.0 999.0  6.0 99.00
2015 05 01 21 05 140  4.0 99.0  0.30 99.00 99.00 999 1019.2   6.7 999.0 999.0  6.0 99.00
2015 05 02 00 00 180  4.9 99.0  0.30 99.00 99.00 999 1022.6   8.3 999.0 999.0  6.0 99.00
2015 05 02 11 55 190  1.8 99.0 99.00 99.00 99.00 999 1018.5   7.8 999.0 999.0  6.0 99.00
2015 05 02 15 20 180  2.2 99.0  0.30 99.00 99.00 999 1017.2   7.8 999.0 999.0  6.0 99.00
2015 05 02 18 25 180  8.9 99.0  0.30 99.00 99.00 999 1025.6   9.4 999.0 999.0  6.0 99.00
2015 05 02 21 25 180  8.9 99.0  0.30 99.00 99.00 999 1025.6   8.3 999.0 999.0  6.0 99.00
2015 05 03 00 00 200  6.7 99.0  0.90 99.00 99.00 999 1014.1   8.9 999.0 999.0  6.0 99.00
2015 05 03 12 00 180  4.0 99.0  0.30 99.00 99.00 999 1025.6   7.8 999.0 999.0  6.0 99.00
2015 05 03 21 00 180  7.6 99.0  0.60 99.00 99.00 999 1012.4   7.8 999.0 999.0  6.0 99.00
2015 05 04 11 55 300  2.2 99.0  0.30 99.00 99.00 999 9999.0  12.8 999.0 999.0  6.0 99.00
2015 05 04 18 15  70  4.0 99.0 99.00 99.00 99.00 999 1019.2  12.2 999.0 999.0  6.0 99.00
2015 05 04 21 00  80  2.7 99.0 99.00 99.00 99.00 999 1019.9  10.6 999.0 999.0  6.0 99.00
2015 05 05 17 45  60  4.0 99.0 99.00 99.00 99.00 999 1026.6  10.0 999.0 999.0  6.0 99.00
2015 05 05 20 55  60  3.6 99.0  0.30 99.00 99.00 999 1026.3  10.0 999.0 999.0  6.0 99.00
2015 05 06 11 55  50  1.3 99.0  0.00 99.00 99.00 999 1023.9   7.2 999.0 999.0  6.0 99.00
2015 05 06 15 05 130  1.3 99.0  0.00 99.00 99.00 999 1024.3   8.3 999.0 999.0  3.0 99.00
2015 05 06 18 10  70  2.7 99.0  0.00 99.00 99.00 999 1023.2   8.3 999.0 999.0  6.0 99.00
2015 05 06 21 20  90  2.2 99.0  0.00 99.00 99.00 999 1022.6   8.9   8.0 999.0  6.0 99.00
2015 05 07 00 00  70  2.2 99.0  0.30 99.00 99.00 999 1019.2   7.8 999.0 999.0  3.0 99.00
2015 05 07 12 00 180  4.5 99.0  0.30 99.00 99.00 999 9999.0   7.8   8.0 999.0  6.0 99.00
2015 05 07 18 00  17  4.5 99.0  0.30 99.00 99.00 999 1015.8   7.2   9.0 999.0  0.5 99.00
2015 05 07 21 05 180  7.2 99.0  0.60 99.00 99.00 999 1014.1   9.4 999.0 999.0  3.0 99.00
2015 05 08 00 00 170  6.3 99.0  0.60 99.00 99.00 999 1012.4  10.6  10.0 999.0  3.0 99.00
2015 05 08 12 06 170  4.5 99.0  0.30 99.00 99.00 999 1012.1   8.3 999.0 999.0  6.0 99.00
2015 05 08 15 35 180  4.5 99.0  0.30 99.00 99.00 999 1012.4   8.3 999.0 999.0  6.0 99.00
2015 05 08 18 00 170  6.3 99.0  0.90 99.00 99.00 999 1012.4  10.0 999.0 999.0  6.0 99.00
2015 05 08 20 55 180  5.4 99.0  0.60 99.00 99.00 999 1012.4  10.0 999.0 999.0  3.0 99.00
2015 05 09 11 40 340  2.2 99.0 99.00 99.00 99.00 999 1019.2   7.8   9.0 999.0  3.0 99.00
2015 05 09 15 05 360  4.9 99.0  0.60 99.00 99.00 999 1019.5  12.2 999.0 999.0  6.0 99.00
2015 05 09 18 00  50  4.5 99.0  0.60 99.00 99.00 999 1019.5   9.4  11.0 999.0  6.0 99.00
2015 05 09 20 45  60  3.6 99.0 99.00 99.00 99.00 999 1020.9  10.6  12.0 999.0  6.0 99.00
2015 05 09 23 55  50  4.5 99.0  0.30 99.00 99.00 999 1019.9   8.3   9.0 999.0  6.0 99.00
2015 05 10 11 50 350  3.6 99.0  0.30 99.00 99.00 999 1022.6   6.7 999.0 999.0  6.0 99.00
2015 05 10 14 50  40  5.4 99.0  0.30 99.00 99.00 999 1021.9   8.3  11.0 999.0  6.0 99.00
2015 05 10 18 00  50  8.0 99.0  0.60 99.00 99.00 999 9999.0  10.0  10.0 999.0  6.0 99.00
2015 05 10 21 05  40  9.4 99.0  0.90 99.00 99.00 999 1019.2  11.1  10.0 999.0  6.0 99.00
2015 05 11 00 00 350  4.9 99.0  0.60 99.00 99.00 999 1019.2   7.8   9.0 999.0  6.0 99.00
2015 05 11 12 06  70  5.4 99.0  0.60 99.00 99.00 999 1012.4   6.1 999.0 999.0  6.0 99.00
2015 05 11 18 55 200  4.5 99.0  0.60 99.00 99.00 999 1005.6   7.2   7.0 999.0  3.0 99.00
2015 05 11 20 55 190  6.7 99.0  0.60 99.00 99.00 999 1006.0   7.8 999.0 999.0  3.0 99.00
2015 05 12 12 00 290  1.8 99.0  0.30 99.00 99.00 999 1008.7   8.9 999.0 999.0  3.0 99.00
2015 05 12 14 55 240  4.5 99.0  0.30 99.00 99.00 999 1009.7  11.1   7.0 999.0  6.0 99.00
2015 05 12 15 00 290  6.7 99.0  0.30 99.00 99.00 999 1009.7  10.6   7.0 999.0  6.0 99.00
2015 05 12 18 00 320  4.5 99.0  0.30 99.00 99.00 999 1014.1  11.1   9.0 999.0  6.0 99.00
2015 05 12 20 50 320  3.1 99.0  0.60 99.00 99.00 999 1016.8  11.7  10.0 999.0  6.0 99.00
2015 05 13 11 55 310  2.2 99.0  0.30 99.00 99.00 999 1030.0   5.0  10.0 999.0  6.0 99.00
2015 05 13 15 55 100  4.0 99.0  0.30 99.00 99.00 999 1036.1   7.2  10.0 999.0  6.0 99.00
2015 05 13 17 55  80  3.6 99.0  0.30 99.00 99.00 999 1032.7   7.2  10.0 999.0  6.0 99.00
2015 05 13 21 00 120  1.8 99.0  0.00 99.00 99.00 999 1031.7   6.7   8.0 999.0  6.0 99.00
2015 05 14 11 55  80  2.2 99.0 99.00 99.00 99.00 999 1029.3   5.6 999.0 999.0  6.0 99.00
2015 05 14 15 20 180  4.5 99.0  0.30 99.00 99.00 999 1030.0   7.8   8.0 999.0  6.0 99.00
2015 05 14 18 05 170  4.9 99.0  0.60 99.00 99.00 999 1029.3   7.8 999.0 999.0  6.0 99.00
2015 05 14 21 20 200  4.5 99.0  0.60 99.00 99.00 999 1024.3  12.2 999.0 999.0  6.0 99.00
2015 05 15 00 05  80  3.6 99.0  0.60 99.00 99.00 999 1021.9   6.1 999.0 999.0  6.0 99.00
2015 05 15 12 00 140  2.7 99.0  0.90 99.00 99.00 999 1015.8   6.1 999.0 999.0  6.0 99.00
2015 05 16 12 05   5  2.2 99.0  0.30 99.00 99.00 999 9999.0   7.2 999.0 999.0  6.0 99.00
2015 05 16 14 55  50  4.5 99.0  0.30 99.00 99.00 999 1018.8   7.8 999.0 999.0  0.3 99.00
2015 05 16 18 15  50  4.5 99.0  0.30 99.00 99.00 999 1015.8  10.0 999.0 999.0  6.0 99.00
2015 05 16 21 00  60  4.0 99.0  0.30 99.00 99.00 999 1017.8  11.1 999.0 999.0  6.0 99.00
2015 05 16 23 55  50  4.5 99.0  0.30 99.00 99.00 999 1017.5  10.0 999.0 999.0  6.0 99.00
2015 05 17 11 55 160  2.2 99.0  0.30 99.00 99.00 999 1015.8   8.3 999.0 999.0  0.3 99.00
2015 05 17 15 00 170  4.0 99.0  0.30 99.00 99.00 999 1015.8   8.3 999.0 999.0  0.3 99.00
2015 05 17 18 20 200  4.9 99.0  0.30 99.00 99.00 999 1013.4  10.6 999.0 999.0  0.3 99.00
2015 05 17 21 10 180  6.7 99.0  0.60 99.00 99.00 999 1012.4  11.7 999.0 999.0  0.3 99.00
2015 05 18 00 15 180  4.5 99.0 99.00 99.00 99.00 999 9999.0  11.7 999.0 999.0  0.5 99.00
2015 05 18 11 55 180  4.5 99.0 99.00 99.00 99.00 999 1009.7   9.4 999.0 999.0  6.0 99.00
2015 05 18 18 00 320  3.1 99.0  0.90 99.00 99.00 999 1012.1  18.9 999.0 999.0  6.0 99.00
2015 05 18 20 45 280  7.2 99.0  0.60 99.00 99.00 999 1013.4  16.7 999.0 999.0  6.0 99.00
2015 05 19 00 00 290  6.7 99.0  0.60 99.00 99.00 999 1015.8  11.7 999.0 999.0  6.0 99.00
2015 05 19 11 45 310  4.5 99.0  0.30 99.00 99.00 999 1021.2   3.9 999.0 999.0  6.0 99.00
2015 05 20 15 10 180  4.5 99.0  0.60 99.00 99.00 999 1023.9   7.2 999.0 999.0  6.0 99.00
2015 05 20 18 10 160  4.5 99.0  0.60 99.00 99.00 999 1023.2   7.8 999.0 999.0  6.0 99.00
2015 05 20 21 00 180  4.9 99.0  0.60 99.00 99.00 999 1021.6   7.8 999.0 999.0  6.0 99.00
2015 05 21 00 00 180  4.5 99.0  0.30 99.00 99.00 999 1016.1   8.3 999.0 999.0  6.0 99.00
2015 05 21 12 06 290  4.5 99.0 99.00 99.00 99.00 999 9999.0   9.4 999.0 999.0  6.0 99.00
2015 05 21 15 30 290  3.6 99.0  0.30 99.00 99.00 999 1013.8  16.7 999.0 999.0  6.0 99.00
2015 05 21 18 00 999 99.0 99.0 99.00 99.00 99.00 999 9999.0  21.1 999.0 999.0 99.0 99.00
2015 05 21 21 00  50  3.1 99.0  0.60 99.00 99.00 999 1013.1 999.0  10.0 999.0  6.0 99.00
2015 05 22 11 55 300  2.2 99.0  0.30 99.00 99.00 999 1022.6 999.0 999.0 999.0  6.0 99.00
2015 05 22 15 15  60  4.0 99.0  0.60 99.00 99.00 999 1022.9 999.0 999.0 999.0  6.0 99.00
2015 05 22 17 45  80  3.1 99.0  0.30 99.00 99.00 999 1024.6 999.0 999.0 999.0  6.0 99.00
2015 05 22 21 00 140  3.6 99.0  0.30 99.00 99.00 999 1026.0 999.0   9.0 999.0  6.0 99.00
2015 05 23 12 06  70  0.9 99.0  0.00 99.00 99.00 999 1026.6   8.9 999.0 999.0  6.0 99.00
2015 05 23 15 00 170  4.0 99.0  0.90 99.00 99.00 999 1026.6   8.3 999.0 999.0  6.0 99.00
2015 05 23 18 30 180  5.8 99.0  0.60 99.00 99.00 999 1026.0   9.4  10.0 999.0  6.0 99.00
2015 05 23 20 45 180  6.3 99.0  0.90 99.00 99.00 999 1024.3   8.9  10.0 999.0  6.0 99.00
2015 05 24 00 05 180  6.3 99.0  0.60 99.00 99.00 999 1022.9   9.4 999.0 999.0  6.0 99.00
2015 05 24 12 00  90  1.3 99.0  0.30 99.00 99.00 999 1022.6   9.4 999.0 999.0  6.0 99.00
2015 05 24 15 00 120  1.3 99.0  0.30 99.00 99.00 999 1021.9   9.4 999.0 999.0  6.0 99.00
2015 05 24 19 05 180  6.7 99.0  0.60 99.00 99.00 999 1020.9  13.3   7.0 999.0  6.0 99.00
2015 05 24 21 05 190  4.5 99.0  0.60 99.00 99.00 999 1020.9  13.3   9.0 999.0  6.0 99.00
2015 05 24 23 45 180  3.1 99.0  0.00 99.00 99.00 999 1018.5   8.9 999.0 999.0  0.3 99.00
2015 05 25 12 00 110  2.2 99.0  0.30 99.00 99.00 999 1012.1   8.3 999.0 999.0  1.0 99.00
2015 05 25 17 50 200  9.8 99.0  0.90 99.00 99.00 999 1008.4   8.9 999.0 999.0  0.5 99.00
2015 05 25 20 55 190  4.9 99.0  0.60 99.00 99.00 999 1008.4  10.6 999.0 999.0  6.0 99.00
2015 05 26 00 10 190  1.8 99.0  0.90 99.00 99.00 999 1009.0  12.2   9.0 999.0  6.0 99.00
2015 05 26 11 55 180  4.5 99.0  0.30 99.00 99.00 999 1012.4   8.9 999.0 999.0  6.0 99.00
2015 05 26 15 10 180  3.6 99.0  0.60 99.00 99.00 999 1013.1   7.8 999.0 999.0  0.3 99.00
2015 05 26 19 11 180  4.5 99.0  0.60 99.00 99.00 999 1012.1   8.9 999.0 999.0  0.3 99.00
2015 05 26 20 55 130  1.3 99.0  0.90 99.00 99.00 999 1008.4  10.6 999.0 999.0  0.5 99.00
2015 05 26 23 55 170  2.2 99.0 99.00 99.00 99.00 999 9999.0  10.0 999.0 999.0  0.3 99.00
2015 05 27 12 01 270  1.8 99.0  0.60 99.00 99.00 999 1008.4  15.6   8.0 999.0  3.0 99.00
2015 05 27 14 50 320  2.7 99.0  0.30 99.00 99.00 999 1009.7  13.9 999.0 999.0  3.0 99.00
2015 05 27 17 55 240  2.7 99.0  0.30 99.00 99.00 999 1012.4  17.2 999.0 999.0  6.0 99.00
2015 05 27 21 00 190  4.5 99.0  0.30 99.00 99.00 999 1014.1  21.7 999.0 999.0  6.0 99.00
2015 05 28 00 05 250  1.8 99.0  0.30 99.00 99.00 999 1016.1  14.4 999.0 999.0  3.0 99.00
2015 05 28 12 00 180  0.9 99.0 99.00 99.00 99.00 999 1019.2   7.8 999.0 999.0  6.0 99.00
2015 05 28 14 40 180  2.7 99.0  0.30 99.00 99.00 999 1021.9   9.4 999.0 999.0  6.0 99.00
2015 05 28 21 05 140  3.6 99.0  0.60 99.00 99.00 999 1022.2   8.9 999.0 999.0  6.0 99.00
2015 05 29 12 00 170  3.1 99.0  0.30 99.00 99.00 999 1017.5   9.4 999.0 999.0  6.0 99.00
2015 05 29 15 30 180  4.0 99.0  0.60 99.00 99.00 999 1015.8   7.8 999.0 999.0  0.5 99.00
2015 05 29 18 00 170  4.5 99.0  0.30 99.00 99.00 999 1015.8  10.0   8.0 999.0  0.5 99.00
2015 05 29 20 55 170  4.5 99.0  0.30 99.00 99.00 999 1014.1   7.8   7.0 999.0  0.5 99.00
2015 05 30 00 20 180  4.5 99.0  0.30 99.00 99.00 999 1025.6   9.4   7.0 999.0  6.0 99.00
2015 05 30 11 55 350  2.2 99.0  0.30 99.00 99.00 999 1017.5  10.0 999.0 999.0  3.0 99.00
2015 05 30 14 55  10  2.7 99.0  0.30 99.00 99.00 999 1019.2   9.4 999.0 999.0  3.0 99.00
2015 05 30 18 00 350  4.5 99.0  0.60 99.00 99.00 999 1022.6  11.1  13.0 999.0  3.0 99.00
2015 05 30 21 15  20  3.6 99.0  0.30 99.00 99.00 999 1023.9  10.0  13.0 999.0  6.0 99.00
2015 05 30 23 55  30  3.6 99.0  0.60 99.00 99.00 999 1023.2   8.9 999.0 999.0  6.0 99.00
2015 05 31 12 00  80  3.6 99.0  0.60 99.00 99.00 999 1026.0   7.2 999.0 999.0  6.0 99.00
2015 05 31 15 00  50  6.7 99.0  0.60 99.00 99.00 999 1027.0   8.3 999.0 999.0  6.0 99.00
2015 05 31 17 55  30  6.7 99.0  0.60 99.00 99.00 999 1027.3  10.0 999.0 999.0  6.0 99.00
2015 05 31 21 10   6  4.5 99.0  0.60 99.00 99.00 999 1024.3  11.1 999.0 999.0  6.0 99.00
2015 06 01 00 40  40  3.6 99.0  0.30 99.00 99.00 999 1025.6  10.6 999.0 999.0  6.0 99.00
2015 06 01 11 45  50  2.2 99.0  0.60 99.00 99.00 999 1027.0   7.8 999.0 999.0  6.0 99.00
2015 06 02 00 05  50  1.8 99.0  0.30 99.00 99.00 999 1024.3  12.2 999.0 999.0  6.0 99.00
2015 06 02 11 50  80  0.9 99.0 99.00 99.00 99.00 999 1022.6   7.2 999.0 999.0  6.0 99.00
2015 06 02 15 10 175  2.7 99.0  0.30 99.00 99.00 999 1022.6   8.3 999.0 999.0  6.0 99.00
2015 06 02 19 05 180  4.9 99.0  0.60 99.00 99.00 999 1022.2   9.4 999.0 999.0  6.0 99.00
2015 06 02 21 05 170  4.5 99.0  0.60 99.00 99.00 999 1020.9  10.0 999.0 999.0  6.0 99.00
2015 06 03 18 05 170  6.3 99.0  0.60 99.00 99.00 999 1019.2  10.0   8.0 999.0  6.0 99.00
2015 06 03 20 55 180  6.7 99.0  0.90 99.00 99.00 999 1017.2  11.7   8.0 999.0  6.0 99.00
2015 06 03 23 50 190  4.5 99.0  0.60 99.00 99.00 999 1022.6  12.8 999.0 999.0  6.0 99.00
2015 06 04 12 00 190  4.0 99.0  0.60 99.00 99.00 999 1015.1   8.3 999.0 999.0  3.0 99.00
2015 06 04 15 00 180  4.9 99.0  0.60 99.00 99.00 999 1014.8   8.3 999.0 999.0  3.0 99.00
2015 06 04 21 15 140  2.2 99.0  0.60 99.00 99.00 999 1015.1  10.0 999.0 999.0  3.0 99.00
2015 06 05 11 55 360  1.3 99.0  0.60 99.00 99.00 999 9999.0  13.3   8.0 999.0  3.0 99.00
2015 06 05 18 00  20  5.4 99.0  0.30 99.00 99.00 999 1022.6  17.8 999.0 999.0  6.0 99.00
2015 06 05 20 50  60  4.5 99.0  0.30 99.00 99.00 999 1019.2  15.0 999.0 999.0  6.0 99.00
2015 06 06 11 55  30  2.7 99.0  0.30 99.00 99.00 999 1024.6   9.4 999.0 999.0  6.0 99.00
2015 06 06 15 00  60  3.6 99.0  0.30 99.00 99.00 999 1024.6  11.7 999.0 999.0  6.0 99.00
2015 06 06 20 40  60  4.0 99.0  0.30 99.00 99.00 999 1021.6  10.6 999.0 999.0  6.0 99.00
2015 06 07 00 05  90  1.8 99.0  0.30 99.00 99.00 999 1018.8   8.9 999.0 999.0  6.0 99.00
2015 06 07 12 00 170  4.9 99.0  0.60 99.00 99.00 999 1009.0   8.9 999.0 999.0  3.0 99.00
2015 06 07 17 55 180  4.0 99.0  0.90 99.00 99.00 999 1003.9  10.0 999.0 999.0  3.0 99.00
2015 06 07 20 45 120  1.8 99.0  0.60 99.00 99.00 999 1003.6  11.7 999.0 999.0  3.0 99.00
2015 06 07 23 55   5  2.2 99.0  0.30 99.00 99.00 999 1001.9  13.3  11.0 999.0  6.0 99.00
2015 06 08 11 55 120  1.8 99.0  0.30 99.00 99.00 999 1004.6  12.8 999.0 999.0  6.0 99.00
2015 06 08 15 00 240  1.3 99.0  0.30 99.00 99.00 999 1003.9  20.0 999.0 999.0  3.0 99.00
2015 06 08 20 50  50  2.2 99.0  0.60 99.00 99.00 999 1005.0  13.9 999.0 999.0  3.0 99.00
2015 06 09 00 00 300  2.2 99.0  0.30 99.00 99.00 999 1006.0  16.7 999.0 999.0  6.0 99.00
2015 06 09 11 55 999  0.0 99.0  0.00 99.00 99.00 999 1007.3  11.1 999.0 999.0  6.0 99.00
2015 06 09 15 00 170  2.2 99.0  0.30 99.00 99.00 999 1009.0  12.8 999.0 999.0  6.0 99.00
2015 06 09 20 50 160  4.5 99.0  0.60 99.00 99.00 999 1008.4  12.2 999.0 999.0  3.0 99.00
2015 06 10 00 05 180  4.5 99.0  0.60 99.00 99.00 999 9999.0  10.0 999.0 999.0  6.0 99.00
2015 06 10 12 00 310  4.5 99.0  0.30 99.00 99.00 999 1002.3  20.0  11.0 999.0  6.0 99.00
2015 06 10 14 50 310  4.0 99.0  0.30 99.00 99.00 999 1002.9  21.7 999.0 999.0  6.0 99.00
2015 06 10 18 00 340  2.2 99.0  0.30 99.00 99.00 999 1006.3  24.4 999.0 999.0  6.0 99.00
2015 06 10 21 20 165  1.8 99.0  0.30 99.00 99.00 999 1007.3  14.4 999.0 999.0  6.0 99.00
2015 06 11 00 10 160  1.3 99.0  0.60 99.00 99.00 999 1009.0  13.9 999.0 999.0  6.0 99.00
2015 06 11 12 11  50  1.8 99.0  0.30 99.00 99.00 999 1014.1  11.7 999.0 999.0  6.0 99.00
2015 06 11 15 10  50  2.2 99.0  0.00 99.00 99.00 999 1013.1  12.8  14.0 999.0  6.0 99.00
2015 06 11 18 00  10  2.2 99.0  0.60 99.00 99.00 999 1017.5  13.9 999.0 999.0  6.0 99.00
2015 06 11 20 50  40  2.2 99.0  0.30 99.00 99.00 999 1016.8  12.2 999.0 999.0  6.0 99.00
2015 06 11 23 45  70  1.3 99.0  0.30 99.00 99.00 999 1015.8  12.8 999.0 999.0  3.0 99.00
2015 06 12 12 01  20  5.4 99.0  0.30 99.00 99.00 999 1012.8  11.1 999.0 999.0  6.0 99.00
2015 06 12 17 50   6  4.5 99.0  0.30 99.00 99.00 999 9999.0  13.9  14.0 999.0  6.0 99.00
2015 06 12 21 00  50  4.5 99.0  0.30 99.00 99.00 999 1015.8  15.6  12.0 999.0  6.0 99.00
2015 06 13 12 01  30  2.2 99.0  0.00 99.00 99.00 999 1015.8  11.1 999.0 999.0  6.0 99.00
2015 06 13 15 05  80  2.2 99.0  0.00 99.00 99.00 999 1016.5  11.1 999.0 999.0  6.0 99.00
2015 06 13 18 00  60  1.3 99.0  0.30 99.00 99.00 999 1016.5  11.7 999.0 999.0  3.0 99.00
2015 06 13 20 50  60  3.6 99.0  0.30 99.00 99.00 999 1015.8  11.1 999.0 999.0  0.3 99.00
2015 06 14 00 00  70  1.3 99.0  0.30 99.00 99.00 999 1014.1  12.2 999.0 999.0  0.3 99.00
2015 06 14 11 50 130  1.3 99.0  0.30 99.00 99.00 999 1013.1  12.2 999.0 999.0  0.3 99.00
2015 06 14 14 55 100  1.3 99.0  0.30 99.00 99.00 999 1013.8  13.3 999.0 999.0  0.3 99.00
2015 06 14 17 55 160  1.8 99.0 99.00 99.00 99.00 999 1013.1  12.8 999.0 999.0  0.3 99.00
2015 06 15 15 05 140  1.8 99.0  0.30 99.00 99.00 999 1015.1  11.7 999.0 999.0  0.3 99.00
2015 06 15 21 05  40  0.9 99.0  0.30 99.00 99.00 999 1015.1  13.9  16.0 999.0  3.0 99.00
2015 06 15 23 55 320  3.6 99.0  0.30 99.00 99.00 999 1013.1  17.2 999.0 999.0  6.0 99.00
2015 06 16 12 01 300  3.1 99.0  0.30 99.00 99.00 999 1019.2  15.0 999.0 999.0  6.0 99.00
2015 06 16 15 05  20  1.8 99.0  0.30 99.00 99.00 999 1022.9  18.3 999.0 999.0  6.0 99.00
2015 06 16 18 00  90  2.2 99.0  0.30 99.00 99.00 999 1022.6  15.6 999.0 999.0  6.0 99.00
2015 06 16 21 20 120  1.8 99.0  0.00 99.00 99.00 999 1019.9  14.4 999.0 999.0  6.0 99.00
2015 06 17 11 50  10  1.3 99.0  0.00 99.00 99.00 999 1020.9  11.1 999.0 999.0  6.0 99.00
2015 06 17 15 20  60  3.1 99.0  0.60 99.00 99.00 999 1019.2  13.9 999.0 999.0  6.0 99.00
2015 06 18 01 05 180  1.3 99.0  0.00 99.00 99.00 999 1015.8  15.6 999.0 999.0  6.0 99.00
2015 06 18 12 01 180  4.0 99.0  0.60 99.00 99.00 999 1012.4  12.8 999.0 999.0  6.0 99.00
2015 06 18 15 00 150  2.7 99.0  0.60 99.00 99.00 999 1013.8  13.9 999.0 999.0  6.0 99.00
2015 06 18 18 00  80  1.8 99.0  0.30 99.00 99.00 999 1014.4  15.6 999.0 999.0  6.0 99.00
2015 06 18 21 00  50  3.6 99.0  0.60 99.00 99.00 999 1015.8  16.1  16.0 999.0  6.0 99.00
2015 06 19 12 00  60  3.1 99.0  0.30 99.00 99.00 999 1022.2  12.2 999.0 999.0  6.0 99.00
2015 06 19 14 50  70  4.0 99.0  0.60 99.00 99.00 999 1022.9  12.8 999.0 999.0  6.0 99.00
2015 06 19 21 05  80  2.2 99.0  0.30 99.00 99.00 999 1019.2  13.9  13.0 999.0  6.0 99.00
2015 06 19 21 45  70  3.6 99.0  0.00 99.00 99.00 999 1019.2  13.9  13.0 999.0  6.0 99.00
2015 06 20 00 00  80  2.2 99.0  0.30 99.00 99.00 999 1018.8  12.8  13.0 999.0  6.0 99.00
2015 06 20 12 05 190  2.7 99.0  0.30 99.00 99.00 999 1015.8  12.8 999.0 999.0  6.0 99.00
2015 06 20 15 00 170  4.9 99.0  0.30 99.00 99.00 999 1015.1  13.9 999.0 999.0  6.0 99.00
2015 06 20 21 05 190  3.6 99.0  0.30 99.00 99.00 999 1010.7  13.3 999.0 999.0  6.0 99.00
2015 06 21 12 00 340  1.3 99.0  0.30 99.00 99.00 999 1012.1  15.6 999.0 999.0  6.0 99.00
2015 06 21 14 55 170  3.6 99.0  0.30 99.00 99.00 999 1012.1  15.0 999.0 999.0  6.0 99.00
2015 06 21 18 05 160  2.7 99.0  0.30 99.00 99.00 999 1012.4  15.0  14.0 999.0  3.0 99.00
2015 06 21 20 55 110  2.7 99.0  0.30 99.00 99.00 999 1012.8  15.6 999.0 999.0  6.0 99.00
2015 06 21 23 55 100  3.1 99.0  0.30 99.00 99.00 999 1014.1  12.8 999.0 999.0  3.0 99.00
2015 06 22 12 00 160  2.2 99.0  0.30 99.00 99.00 999 1013.1  12.2 999.0 999.0  6.0 99.00
2015 06 22 14 55 160  2.7 99.0  0.60 99.00 99.00 999 1012.4  13.3 999.0 999.0  6.0 99.00
2015 06 22 18 00  18  7.2 99.0  0.60 99.00 99.00 999 1009.0  13.3  13.0 999.0  3.0 99.00
2015 06 22 21 25 160  4.5 99.0  0.60 99.00 99.00 999 1003.9  13.9 999.0 999.0  6.0 99.00
2015 06 23 00 30 290  2.2 99.0  0.60 99.00 99.00 999 1002.3 999.0 999.0 999.0  6.0 99.00
2015 06 23 12 00 310  4.9 99.0  0.30 99.00 99.00 999 1013.1  17.8 999.0 999.0  6.0 99.00
2015 06 23 15 10 300  2.2 99.0  0.30 99.00 99.00 999 1014.1  21.1 999.0 999.0  6.0 99.00
2015 06 23 18 20 320  3.1 99.0  0.30 99.00 99.00 999 1016.5  23.9 999.0 999.0  6.0 99.00
2015 06 23 20 55 190  2.7 99.0  0.60 99.00 99.00 999 1018.8 999.0 999.0 999.0  6.0 99.00
2015 06 23 22 25 180  4.0 99.0  0.30 99.00 99.00 999 1022.6  26.7  17.0 999.0  6.0 99.00
2015 06 24 01 00 180  4.5 99.0  0.30 99.00 99.00 999 1018.8 999.0 999.0 999.0  6.0 99.00
2015 06 24 12 00 270  1.8 99.0  0.30 99.00 99.00 999 1022.6  16.7 999.0 999.0  6.0 99.00
2015 06 25 18 10  30  2.7 99.0  0.30 99.00 99.00 999 1018.5  16.1  12.0 999.0  6.0 99.00
2015 06 25 20 40  50  3.1 99.0  0.30 99.00 99.00 999 1017.2  16.7 999.0 999.0  6.0 99.00
2015 06 26 00 25  60  3.1 99.0  0.30 99.00 99.00 999 1017.2  15.6 999.0 999.0  6.0 99.00
2015 06 26 15 05  70  2.7 99.0  0.30 99.00 99.00 999 1020.9  14.4 999.0 999.0  3.0 99.00
2015 06 26 18 00  50  3.1 99.0  0.60 99.00 99.00 999 1019.5  15.6 999.0 999.0  3.0 99.00
2015 06 26 20 45  60  3.1 99.0  0.30 99.00 99.00 999 1019.5  17.2 999.0 999.0  3.0 99.00
2015 06 27 00 55  50  3.1 99.0  0.30 99.00 99.00 999 1019.2  17.8  15.0 999.0  6.0 99.00
2015 06 27 12 15 310  0.9 99.0  0.30 99.00 99.00 999 1022.6  14.4 999.0 999.0  6.0 99.00
2015 06 27 15 05   2  2.2 99.0  0.30 99.00 99.00 999 1022.6  17.2  17.0 999.0  6.0 99.00
2015 06 27 17 50  60  2.2 99.0  0.30 99.00 99.00 999 1018.8  16.7 999.0 999.0  6.0 99.00
2015 06 27 20 55  80  0.9 99.0  0.30 99.00 99.00 999 1016.5  17.8 999.0 999.0  3.0 99.00
2015 06 27 23 55 180  0.9 99.0  0.30 99.00 99.00 999 1015.8  20.0 999.0 999.0  6.0 99.00
2015 06 28 12 10 180  1.3 99.0  0.30 99.00 99.00 999 1014.1  16.1 999.0 999.0  6.0 99.00
2015 06 28 20 50 180  4.5 99.0  0.30 99.00 99.00 999 1012.4  16.7  16.0 999.0  6.0 99.00
2015 06 28 23 50 170  4.5 99.0  0.60 99.00 99.00 999 1012.4  16.1  15.0 999.0  6.0 99.00
2015 06 29 11 55 180  2.7 99.0  0.30 99.00 99.00 999 9999.0  13.9 999.0 999.0  6.0 99.00
2015 06 29 14 45 170  3.1 99.0  0.30 99.00 99.00 999 1010.7  15.6 999.0 999.0  6.0 99.00
2015 06 29 18 05 170  2.7 99.0  0.60 99.00 99.00 999 1010.7  16.1 999.0 999.0  6.0 99.00
2015 06 30 12 00 320  2.2 99.0  0.30 99.00 99.00 999 1009.0  15.0 999.0 999.0  6.0 99.00
2015 07 01 14 50 360  3.1 99.0  0.30 99.00 99.00 999 1015.8  12.2 999.0 999.0  6.0 99.00
2015 07 01 17 50 280  2.2 99.0  0.30 99.00 99.00 999 1015.8  15.6 999.0 999.0  6.0 99.00
2015 07 01 21 00 130  3.1 99.0  0.60 99.00 99.00 999 1015.8  14.4 999.0 999.0  6.0 99.00
2015 07 02 00 15 100  1.3 99.0  0.60 99.00 99.00 999 1015.8  13.9 999.0 999.0  6.0 99.00
2015 07 02 11 50 310  2.2 99.0  0.30 99.00 99.00 999 1018.8   9.4 999.0 999.0  6.0 99.00
2015 07 02 18 00  90  2.2 99.0  0.30 99.00 99.00 999 1019.2  15.6 999.0 999.0  6.0 99.00
2015 07 03 00 00  80  1.3 99.0  0.30 99.00 99.00 999 1016.5  15.6  16.0 999.0  6.0 99.00
2015 07 03 11 55 300  2.2 99.0  0.30 99.00 99.00 999 1016.5  12.8 999.0 999.0  6.0 99.00
2015 07 03 17 50 180  4.9 99.0  0.60 99.00 99.00 999 1015.1  16.7 999.0 999.0  6.0 99.00
2015 07 03 21 05 190  6.3 99.0  0.30 99.00 99.00 999 1014.1  16.7 999.0 999.0  6.0 99.00
2015 07 04 12 10 310  2.2 99.0  0.00 99.00 99.00 999 1015.1  17.8 999.0 999.0  6.0 99.00
2015 07 04 15 10  40  3.6 99.0  0.00 99.00 99.00 999 1015.8  17.2 999.0 999.0  6.0 99.00
2015 07 04 17 55  70  2.2 99.0  0.30 99.00 99.00 999 1015.8  17.2 999.0 999.0  6.0 99.00
2015 07 04 22 25 100  1.3 99.0 99.00 99.00 99.00 999 1016.1 999.0 999.0 999.0  3.0 99.00
2015 07 05 00 10 151  1.8 99.0  0.60 99.00 99.00 999 1015.8  16.7 999.0 999.0  3.0 99.00
2015 07 05 12 10 170  2.2 99.0  0.60 99.00 99.00 999 1018.5  16.1 999.0 999.0  3.0 99.00
2015 07 05 15 00 170  4.0 99.0  0.60 99.00 99.00 999 1018.5  16.7 999.0 999.0  3.0 99.00
2015 07 05 18 15 180  4.5 99.0  0.30 99.00 99.00 999 1018.8  17.2 999.0 999.0  3.0 99.00
2015 07 05 20 55 180  6.3 99.0  0.60 99.00 99.00 999 1017.5  18.3 999.0 999.0  3.0 99.00
2015 07 06 00 00 190  6.3 99.0  0.30 99.00 99.00 999 1016.5  17.2 999.0 999.0  6.0 99.00
2015 07 06 11 45 180  4.9 99.0  0.30 99.00 99.00 999 1014.1  13.9 999.0 999.0  1.0 99.00
2015 07 06 15 05 190  4.0 99.0  0.60 99.00 99.00 999 1013.1  15.0 999.0 999.0  1.0 99.00
2015 07 06 21 00 190  4.5 99.0  0.60 99.00 99.00 999 1009.7  13.3 999.0 999.0  0.3 99.00
2015 07 06 23 55 180  3.1 99.0  0.60 99.00 99.00 999 1009.7  13.3 999.0 999.0  0.3 99.00
2015 07 07 12 00 340  2.2 99.0  0.30 99.00 99.00 999 1014.1  13.9 999.0 999.0  6.0 99.00
2015 07 07 15 15 310  4.5 99.0  0.30 99.00 99.00 999 1017.5  16.1 999.0 999.0  6.0 99.00
2015 07 07 18 15 330  4.0 99.0  0.30 99.00 99.00 999 1018.2  17.8 999.0 999.0  6.0 99.00
2015 07 07 21 05  10  2.7 99.0  0.30 99.00 99.00 999 1018.2  19.4 999.0 999.0  6.0 99.00
2015 07 08 14 55 120  0.9 99.0  0.00 99.00 99.00 999 1022.6  15.0  11.0 999.0  6.0 99.00
2015 07 08 18 00 140  1.3 99.0  0.30 99.00 99.00 999 1020.5  16.1 999.0 999.0  6.0 99.00
2015 07 08 21 00 170  2.7 99.0  0.30 99.00 99.00 999 1019.2  16.7 999.0 999.0  6.0 99.00
2015 07 08 23 55 170  2.7 99.0  0.00 99.00 99.00 999 1017.5  15.0  14.0 999.0  6.0 99.00
2015 07 09 11 55 310  1.8 99.0  0.00 99.00 99.00 999 1015.8  11.7 999.0 999.0  6.0 99.00
2015 07 09 14 55 180  1.8 99.0  0.00 99.00 99.00 999 1015.8  15.6 999.0 999.0  6.0 99.00
2015 07 09 18 10 170  3.6 99.0  0.30 99.00 99.00 999 1015.8  16.1 999.0 999.0  6.0 99.00
2015 07 09 21 00 180  4.0 99.0  0.30 99.00 99.00 999 9999.0  16.7 999.0 999.0  6.0 99.00
2015 07 09 23 50 180  4.5 99.0  0.30 99.00 99.00 999 1016.1  15.6 999.0 999.0  6.0 99.00
2015 07 10 11 55 210  0.9 99.0  0.00 99.00 99.00 999 1019.2  14.4 999.0 999.0  3.0 99.00
2015 07 10 15 00 160  2.2 99.0 99.00 99.00 99.00 999 1019.2  15.6 999.0 999.0  6.0 99.00
2015 07 10 18 05 130  2.2 99.0  0.60 99.00 99.00 999 1019.2  16.7 999.0 999.0  6.0 99.00
2015 07 10 20 50 180  0.9 99.0  0.60 99.00 99.00 999 1019.2  16.1 999.0 999.0  6.0 99.00
2015 07 10 23 50 190  4.5 99.0  0.90 99.00 99.00 999 1019.2  16.7 999.0 999.0  6.0 99.00
2015 07 11 12 00 110  1.3 99.0  0.30 99.00 99.00 999 1019.5  14.4 999.0 999.0  6.0 99.00
2015 07 11 15 00 180  4.9 99.0  0.60 99.00 99.00 999 1020.9  15.6 999.0 999.0  3.0 99.00
2015 07 11 18 35 180  4.5 99.0  0.30 99.00 99.00 999 1020.9  16.1 999.0 999.0  3.0 99.00
2015 07 11 21 05 160  3.1 99.0  0.60 99.00 99.00 999 1019.2  15.6 999.0 999.0  3.0 99.00
2015 07 12 00 00 170  3.6 99.0  0.60 99.00 99.00 999 1019.2  15.0 999.0 999.0  3.0 99.00
2015 07 12 17 50 180  3.6 99.0  0.30 99.00 99.00 999 1017.5  17.8 999.0 999.0  3.0 99.00
2015 07 12 20 55 140  3.1 99.0  0.60 99.00 99.00 999 1016.1  18.3 999.0 999.0  3.0 99.00
2015 07 12 23 55 180  2.2 99.0  0.60 99.00 99.00 999 1014.4  17.8 999.0 999.0  3.0 99.00
2015 07 13 11 55 190  2.2 99.0  0.30 99.00 99.00 999 1005.6  17.8 999.0 999.0  3.0 99.00
2015 07 13 18 05 180  6.7 99.0  0.00 99.00 99.00 999 9999.0  16.7 999.0 999.0  6.0 99.00
2015 07 14 00 20 120  1.8 99.0  0.30 99.00 99.00 999 1002.3  14.4 999.0 999.0  0.3 99.00
2015 07 14 12 10 320  2.2 99.0  0.30 99.00 99.00 999 1001.9  19.4 999.0 999.0  3.0 99.00
2015 07 14 15 10 340  1.8 99.0  0.30 99.00 99.00 999 1004.3  20.0 999.0 999.0  3.0 99.00
2015 07 14 18 45 330  4.5 99.0  0.00 99.00 99.00 999 1006.3  21.7 999.0 999.0  6.0 99.00
2015 07 14 21 00  40  4.9 99.0  0.60 99.00 99.00 999 1009.0  20.6 999.0 999.0  6.0 99.00
2015 07 15 00 05 350  4.5 99.0  0.30 99.00 99.00 999 1012.1  18.3 999.0 999.0  6.0 99.00
2015 07 15 11 50  30  2.7 99.0  0.30 99.00 99.00 999 1017.5  13.9 999.0 999.0  6.0 99.00
2015 07 15 15 00  30  2.7 99.0  0.30 99.00 99.00 999 1019.2  15.6 999.0 999.0  6.0 99.00
2015 07 15 17 55  70  2.2 99.0  0.30 99.00 99.00 999 1019.2  18.3 999.0 999.0  6.0 99.00
2015 07 15 20 55  90  1.3 99.0  0.30 99.00 99.00 999 9999.0  16.7 999.0 999.0  6.0 99.00
2015 07 16 00 55  90  1.3 99.0  0.30 99.00 99.00 999 1018.8  15.0 999.0 999.0  6.0 99.00
2015 07 16 11 50 180  0.9 99.0  0.60 99.00 99.00 999 1018.8  12.2 999.0 999.0  3.0 99.00
2015 07 16 14 50 160  3.1 99.0  0.30 99.00 99.00 999 1032.7  16.1 999.0 999.0  6.0 99.00
2015 07 16 18 00 160  4.0 99.0  0.30 99.00 99.00 999 1015.8  21.1 999.0 999.0  6.0 99.00
2015 07 16 21 10 170  3.6 99.0  0.60 99.00 99.00 999 1014.1  17.8 999.0 999.0  6.0 99.00
2015 07 18 11 51 220  1.3 99.0  0.30 99.00 99.00 999 1010.4  20.0 999.0 999.0  0.3 99.00
2015 07 18 15 35 180  3.6 99.0  0.30 99.00 99.00 999 1009.7  17.2 999.0 999.0  6.0 99.00
2015 07 18 18 50 190  4.9 99.0  0.60 99.00 99.00 999 1009.0  18.9  16.0 999.0  6.0 99.00
2015 07 19 00 10 190  5.8 99.0  0.30 99.00 99.00 999 9999.0  17.2 999.0 999.0  6.0 99.00
2015 07 19 12 06 300  4.5 99.0  0.00 99.00 99.00 999 1009.0  21.7 999.0 999.0  6.0 99.00
2015 07 19 15 00 310  4.0 99.0  0.00 99.00 99.00 999 1010.7  22.8 999.0 999.0  6.0 99.00
2015 07 19 20 55 290  5.4 99.0  0.00 99.00 99.00 999 1010.7  27.8  19.0 999.0  6.0 99.00
2015 07 20 00 00 280  4.5 99.0  0.30 99.00 99.00 999 1009.0  26.1 999.0 999.0  6.0 99.00
2015 07 20 11 56 120  2.2 99.0  0.60 99.00 99.00 999 1007.0  21.1 999.0 999.0  6.0 99.00
2015 07 20 15 16 250  4.0 99.0  0.60 99.00 99.00 999 1005.6  25.6 999.0 999.0  6.0 99.00
2015 07 20 18 00 270  4.0 99.0  0.60 99.00 99.00 999 1005.3  26.7 999.0 999.0  6.0 99.00
2015 07 20 21 00 280  4.5 99.0  0.30 99.00 99.00 999 1004.3  28.3 999.0 999.0  6.0 99.00
2015 07 21 12 16 300  4.5 99.0  0.30 99.00 99.00 999  992.1  18.3 999.0 999.0  6.0 99.00
2015 07 21 15 05 310  6.3 99.0  0.30 99.00 99.00 999 1009.4  21.1 999.0 999.0  6.0 99.00
2015 07 21 17 55 320  4.0 99.0  0.60 99.00 99.00 999 1012.1  24.4 999.0 999.0  6.0 99.00
2015 07 21 21 05 310  4.5 99.0  0.30 99.00 99.00 999 1012.4  25.6 999.0 999.0  6.0 99.00
2015 07 22 00 05 300  0.9 99.0  0.30 99.00 99.00 999 1012.1  23.9 999.0 999.0  6.0 99.00
2015 07 22 12 03 300  2.2 99.0  0.30 99.00 99.00 999 1022.6  15.0 999.0 999.0  6.0 99.00
2015 07 22 15 11 170  1.3 99.0  0.30 99.00 99.00 999 1015.8  23.9 999.0 999.0  6.0 99.00
2015 07 22 18 00  60  1.8 99.0  0.00 99.00 99.00 999 1015.5  19.4 999.0 999.0  6.0 99.00
2015 07 22 20 50 170  2.7 99.0  0.60 99.00 99.00 999 1015.1  19.4 999.0 999.0  6.0 99.00
2015 07 23 00 00 175  2.7 99.0  0.30 99.00 99.00 999 1014.1  17.2  16.0 999.0  6.0 99.00
2015 07 23 12 02 250  1.3 99.0  0.00 99.00 99.00 999 1015.1  16.7 999.0 999.0  6.0 99.00
2015 07 23 15 05 140  1.3 99.0  0.00 99.00 99.00 999 1015.8  21.7 999.0 999.0  6.0 99.00
2015 07 23 18 30 190  2.2 99.0  0.30 99.00 99.00 999 1015.8  21.1 999.0 999.0  6.0 99.00
2015 07 23 21 25 180  4.9 99.0  0.60 99.00 99.00 999 1015.5  20.0 999.0 999.0  6.0 99.00
2015 07 24 00 05 180  4.9 99.0  0.30 99.00 99.00 999 1014.4  20.0 999.0 999.0  6.0 99.00
2015 07 24 11 56 300  0.9 99.0  0.30 99.00 99.00 999 1015.1  21.7 999.0 999.0  6.0 99.00
2015 07 24 15 11 190  3.1 99.0  0.30 99.00 99.00 999 1015.8  26.1 999.0 999.0  6.0 99.00
2015 07 24 21 05 180  8.9 99.0  0.30 99.00 99.00 999 1025.6  20.0  21.0 999.0  6.0 99.00
2015 07 25 00 05 180  6.3 99.0  0.30 99.00 99.00 999 1012.8  18.3 999.0 999.0  6.0 99.00
2015 07 25 12 08 300  2.7 99.0  0.30 99.00 99.00 999 1025.6  20.6 999.0 999.0  6.0 99.00
2015 07 25 18 15 160  1.3 99.0  0.30 99.00 99.00 999 1005.6  30.0 999.0 999.0  6.0 99.00
2015 07 25 21 05 190  3.1 99.0  0.30 99.00 99.00 999 1014.1  23.3 999.0 999.0  6.0 99.00
2015 07 26 12 08 280  1.3 99.0  0.30 99.00 99.00 999 1014.1  18.3 999.0 999.0  6.0 99.00
2015 07 26 14 55 240  4.0 99.0  0.30 99.00 99.00 999 1015.5  26.1 999.0 999.0  6.0 99.00
2015 07 26 18 40 185  6.3 99.0  0.30 99.00 99.00 999 1015.5  21.1 999.0 999.0  6.0 99.00
2015 07 26 21 10 180  4.9 99.0  0.60 99.00 99.00 999 1015.8  20.6 999.0 999.0  6.0 99.00
2015 07 27 00 10 210  2.2 99.0  0.30 99.00 99.00 999 1015.1  20.6 999.0 999.0  6.0 99.00
2015 07 27 12 18 310  0.9 99.0  0.60 99.00 99.00 999 1016.5  18.9 999.0 999.0  6.0 99.00
2015 07 27 15 19 190  2.2 99.0  0.60 99.00 99.00 999 1017.2  21.1 999.0 999.0  6.0 99.00
2015 07 27 17 45 180  3.1 99.0  0.60 99.00 99.00 999 1018.5  21.1 999.0 999.0  3.0 99.00
2015 07 27 20 50 180  3.6 99.0  0.30 99.00 99.00 999 1017.5  21.7 999.0 999.0  6.0 99.00
2015 07 28 00 07 210  1.8 99.0  0.30 99.00 99.00 999 1015.8  22.2 999.0 999.0  6.0 99.00
2015 07 28 12 13 360  0.9 99.0  0.00 99.00 99.00 999 1016.8  18.9 999.0 999.0  6.0 99.00
2015 07 28 15 29 130  2.2 99.0  0.00 99.00 99.00 999 1017.2  21.7 999.0 999.0  6.0 99.00
2015 07 28 18 05 160  1.8 99.0  0.30 99.00 99.00 999 1015.8  21.7 999.0 999.0  3.0 99.00
2015 07 28 21 50 190  2.2 99.0  0.30 99.00 99.00 999 1014.1  22.2 999.0 999.0  6.0 99.00
2015 07 29 00 08 180  4.9 99.0  0.30 99.00 99.00 999 1009.0  22.8 999.0 999.0  6.0 99.00
2015 07 29 12 09 280  3.1 99.0  0.60 99.00 99.00 999 1012.4  23.3 999.0 999.0  3.0 99.00
2015 07 29 14 55 270  4.5 99.0  0.30 99.00 99.00 999 1012.1  25.6 999.0 999.0  6.0 99.00
2015 07 29 18 06 250  4.0 99.0  0.30 99.00 99.00 999 1012.1  28.3 999.0 999.0  3.0 99.00
2015 07 29 20 56 230  4.9 99.0  0.60 99.00 99.00 999 1010.7  28.9 999.0 999.0  6.0 99.00
2015 07 30 00 00 290  4.0 99.0  0.30 99.00 99.00 999 1010.7  26.7 999.0 999.0  6.0 99.00
2015 07 30 12 08 250  4.5 99.0  0.30 99.00 99.00 999 1012.8  21.1 999.0 999.0  6.0 99.00
2015 07 30 14 59 310  4.0 99.0  0.30 99.00 99.00 999 1012.8  25.6 999.0 999.0  6.0 99.00
2015 07 30 17 55 310  6.3 99.0  0.30 99.00 99.00 999 1012.4  28.9 999.0 999.0  6.0 99.00
2015 07 30 20 55 300  4.5 99.0  0.60 99.00 99.00 999 1013.1  29.4 999.0 999.0  6.0 99.00
2015 07 30 23 50 300  1.8 99.0  0.30 99.00 99.00 999 1013.8  26.1 999.0 999.0  6.0 99.00
2015 07 31 12 06 330  2.2 99.0  0.30 99.00 99.00 999 1025.6  20.6 999.0 999.0  6.0 99.00
2015 07 31 15 05 300  4.5 99.0  0.30 99.00 99.00 999 9999.0  26.7  20.0 999.0  6.0 99.00
2015 08 01 00 20 290  2.2 99.0  0.00 99.00 99.00 999 1011.7  23.9 999.0 999.0  6.0 99.00
2015 08 01 12 16 290  3.6 99.0  0.30 99.00 99.00 999 1012.4  17.8 999.0 999.0  6.0 99.00
2015 08 01 18 00 290  3.6 99.0  0.00 99.00 99.00 999 1012.4  26.1 999.0 999.0  6.0 99.00
2015 08 01 20 55 290  3.6 99.0  0.30 99.00 99.00 999 1011.1  27.8 999.0 999.0  6.0 99.00
2015 08 02 11 51 190  1.3 99.0  0.60 99.00 99.00 999 1006.0 999.0 999.0 999.0  3.0 99.00
2015 08 02 15 10 260  2.7 99.0  0.30 99.00 99.00 999 1005.6  24.4 999.0 999.0  3.0 99.00
2015 08 02 18 10 120  3.6 99.0  0.30 99.00 99.00 999 1003.9  20.6 999.0 999.0  6.0 99.00
2015 08 02 21 40 100  1.3 99.0  0.60 99.00 99.00 999 1002.3  22.2 999.0 999.0  6.0 99.00
2015 08 02 23 50 320  2.2 99.0  0.30 99.00 99.00 999 1002.3  16.7 999.0 999.0  6.0 99.00
2015 08 03 12 01 320  1.3 99.0  0.00 99.00 99.00 999 1012.1  15.6 999.0 999.0  6.0 99.00
2015 08 04 00 05 350  2.2 99.0 99.00 99.00 99.00 999 1025.6  21.7 999.0 999.0  6.0 99.00
2015 08 04 12 11 320  4.5 99.0 99.00 99.00 99.00 999 9999.0  17.2 999.0 999.0  6.0 99.00
2015 08 05 18 00 110  3.1 99.0  0.30 99.00 99.00 999 1019.9  18.3 999.0 999.0  6.0 99.00
2015 08 06 00 05  60  2.2 99.0  0.00 99.00 99.00 999 1019.2  19.4 999.0 999.0  6.0 99.00
2015 08 06 12 06 320  2.2 99.0  0.30 99.00 99.00 999 1018.8  13.3 999.0 999.0  6.0 99.00
2015 08 06 14 50  80  3.6 99.0  0.30 99.00 99.00 999 1017.5  20.6 999.0 999.0  6.0 99.00
2015 08 07 15 00 160  4.0 99.0  0.60 99.00 99.00 999 1013.8  20.0 999.0 999.0  6.0 99.00
2015 08 07 18 10 160  4.9 99.0  0.60 99.00 99.00 999 1014.8  20.0 999.0 999.0  6.0 99.00
2015 08 07 21 25 170  6.7 99.0  0.90 99.00 99.00 999 1014.1  19.4  21.0 999.0  6.0 99.00
2015 08 08 00 35 170  6.7 99.0  0.60 99.00 99.00 999 1013.1  17.8 999.0 999.0  1.0 99.00
2015 08 08 11 55  90  4.9 99.0  0.90 99.00 99.00 999 1015.8  18.3 999.0 999.0  6.0 99.00
2015 08 08 14 55  90  5.8 99.0  0.90 99.00 99.00 999 1015.8  18.9 999.0 999.0  3.0 99.00
2015 08 08 17 55  10  3.6 99.0  0.60 99.00 99.00 999 1016.1  20.6 999.0 999.0  6.0 99.00
2015 08 08 21 00  80  2.2 99.0  0.60 99.00 99.00 999 1016.5  20.0 999.0 999.0  6.0 99.00
2015 08 08 23 55  70  4.0 99.0  0.30 99.00 99.00 999 1016.1  20.0 999.0 999.0  6.0 99.00
2015 08 09 17 50 170  4.0 99.0  0.30 99.00 99.00 999 1015.8  21.7 999.0 999.0  3.0 99.00
2015 08 09 21 05 160  2.7 99.0  0.60 99.00 99.00 999 1015.1  22.2 999.0 999.0  3.0 99.00
2015 08 10 00 00 175  2.7 99.0  0.30 99.00 99.00 999 1014.1  21.1 999.0 999.0  6.0 99.00
2015 08 10 11 56 300  1.3 99.0  0.60 99.00 99.00 999 1012.4  18.3 999.0 999.0  0.3 99.00
2015 08 10 18 45  95  1.3 99.0  0.30 99.00 99.00 999 1012.4  23.9 999.0 999.0  6.0 99.00
2015 08 10 21 10  85  1.8 99.0  0.30 99.00 99.00 999 1012.4  22.8 999.0 999.0  6.0 99.00
2015 08 11 00 05  50  0.9 99.0  0.30 99.00 99.00 999 1012.4  21.7 999.0 999.0  6.0 99.00
2015 08 11 12 16 350  2.2 99.0  0.30 99.00 99.00 999 1017.2  18.3 999.0 999.0  6.0 99.00
2015 08 11 15 30 350  3.6 99.0  0.30 99.00 99.00 999 1018.8  22.8 999.0 999.0  6.0 99.00
2015 08 11 18 00 350  2.7 99.0  0.60 99.00 99.00 999 1019.2  24.4 999.0 999.0  6.0 99.00
2015 08 11 20 50  80  4.5 99.0  0.30 99.00 99.00 999 1018.8  21.1 999.0 999.0  6.0 99.00
2015 08 11 23 55  50  4.0 99.0  0.30 99.00 99.00 999 1019.2  20.0 999.0 999.0  6.0 99.00
2015 08 12 12 16 280  1.3 99.0  0.30 99.00 99.00 999 1022.6  13.9 999.0 999.0  6.0 99.00
2015 08 12 17 45 170  4.9 99.0  0.30 99.00 99.00 999 1021.9  21.1 999.0 999.0  6.0 99.00
2015 08 12 20 50 180  6.7 99.0  0.60 99.00 99.00 999 1019.2  20.6 999.0 999.0  6.0 99.00
2015 08 13 00 00 190  5.8 99.0  0.60 99.00 99.00 999 1017.2  21.1 999.0 999.0  6.0 99.00
2015 08 13 11 51 250  0.9 99.0  0.30 99.00 99.00 999 1015.8  20.6 999.0 999.0  6.0 99.00
2015 08 13 13 51 180  2.2 99.0  0.30 99.00 99.00 999 1016.5  24.4 999.0 999.0  6.0 99.00
2015 08 13 15 00 200  1.8 99.0  0.60 99.00 99.00 999 1015.8  23.9 999.0 999.0  3.0 99.00
2015 08 13 18 25 260  4.0 99.0  0.30 99.00 99.00 999 1014.1  28.3 999.0 999.0  6.0 99.00
2015 08 13 21 10 260  1.8 99.0  0.60 99.00 99.00 999 1013.4  26.7 999.0 999.0 99.0 99.00
2015 08 14 00 00 240  2.2 99.0  0.30 99.00 99.00 999 1012.8  25.0 999.0 999.0  6.0 99.00
2015 08 14 11 46 290  4.0 99.0  0.30 99.00 99.00 999 1015.5  22.2 999.0 999.0  6.0 99.00
2015 08 14 14 55 320  2.7 99.0  0.60 99.00 99.00 999 1017.2  27.2 999.0 999.0  6.0 99.00
2015 08 14 17 45 170  3.6 99.0  0.30 99.00 99.00 999 1019.2  25.6 999.0 999.0  6.0 99.00
2015 08 14 21 20 170  3.1 99.0  0.00 99.00 99.00 999 1016.5  23.3 999.0 999.0  6.0 99.00
2015 08 15 00 00 175  2.7 99.0  0.30 99.00 99.00 999 1017.2  23.3  21.0 999.0  6.0 99.00
2015 08 15 12 06 230  0.9 99.0  0.00 99.00 99.00 999 1019.2  18.9 999.0 999.0  6.0 99.00
2015 08 15 14 55  80  2.2 99.0  0.00 99.00 99.00 999 1019.2  21.7 999.0 999.0  6.0 99.00
2015 08 15 18 05 120  2.7 99.0  0.30 99.00 99.00 999 1020.9  22.8 999.0 999.0  6.0 99.00
2015 08 15 21 25 160  2.7 99.0  0.30 99.00 99.00 999 1018.8  23.3 999.0 999.0  6.0 99.00
2015 08 16 00 15 180  2.7 99.0  0.60 99.00 99.00 999 1017.5  22.8 999.0 999.0  6.0 99.00
2015 08 16 12 13 290  2.7 99.0  0.00 99.00 99.00 999 1017.5  23.3 999.0 999.0  6.0 99.00
2015 08 16 15 00 190  3.1 99.0  0.00 99.00 99.00 999 1017.5  25.6 999.0 999.0  6.0 99.00
2015 08 16 17 35 180  5.8 99.0  0.60 99.00 99.00 999 1015.8  22.2 999.0 999.0  6.0 99.00
2015 08 16 20 55 190  6.3 99.0  0.60 99.00 99.00 999 1014.1  23.3 999.0 999.0  6.0 99.00
2015 08 17 11 41  50  1.8 99.0  0.30 99.00 99.00 999 1015.8  21.7 999.0 999.0  6.0 99.00
2015 08 17 17 40  60  2.7 99.0 99.00 99.00 99.00 999 1015.8  21.1 999.0 999.0  6.0 99.00
2015 08 17 21 05  20  2.2 99.0  0.30 99.00 99.00 999 1015.8  19.4 999.0 999.0  6.0 99.00
2015 08 18 00 05  70  4.5 99.0  0.60 99.00 99.00 999 1015.8  20.0 999.0 999.0  3.0 99.00
2015 08 18 11 40  20  3.1 99.0  0.00 99.00 99.00 999 1014.1  18.9  22.0 999.0  6.0 99.00
