#YY  MM DD hh mm WDIR WSPD GST  WVHT   DPD   APD MWD   PRES  ATMP  WTMP  DEWP  VIS  TIDE
#yr  mo dy hr mn degT m/s  m/s     m   sec   sec degT   hPa  degC  degC  degC   mi    ft
2012 07 01 00 20 180  3.1 99.0  0.90 99.00 99.00 999 9999.0  21.0 999.0 999.0  6.0 99.00
2012 07 01 12 26 300  1.3 99.0  0.30 99.00 99.00 999 9999.0  21.0 999.0 999.0  6.0 99.00
2012 07 01 13 55 220  0.9 99.0  0.30 99.00 99.00 999 9999.0  23.0 999.0 999.0  6.0 99.00
2012 07 01 15 55 130  0.9 99.0  0.30 99.00 99.00 999 9999.0  24.0 999.0 999.0  6.0 99.00
2012 07 01 18 40 170  4.0 99.0  0.90 99.00 99.00 999 9999.0  22.0 999.0 999.0  6.0 99.00
2012 07 01 20 25 160  1.3 99.0  0.30 99.00 99.00 999 9999.0  22.0 999.0 999.0  6.0 99.00
2012 07 01 22 20 130  1.3 99.0  0.30 99.00 99.00 999 9999.0  22.0 999.0 999.0  6.0 99.00
2012 07 02 00 05 130  1.3 99.0  0.00 99.00 99.00 999 9999.0  22.0 999.0 999.0  6.0 99.00
2012 07 02 02 25 270  0.9 99.0  0.00 99.00 99.00 999 9999.0  19.0 999.0 999.0  6.0 99.00
2012 07 02 23 25 180  4.5 99.0  0.00 99.00 99.00 999 9999.0  22.0 999.0 999.0  6.0 99.00
2012 07 03 00 20 150  3.1 99.0  0.00 99.00 99.00 999 9999.0  20.0 999.0 999.0  6.0 99.00
2012 07 03 16 20 180  2.7 99.0  0.00 99.00 99.00 999 9999.0  20.0 999.0 999.0  6.0 99.00
2012 07 04 13 20  80  2.2 99.0  0.00 99.00 99.00 999 9999.0  26.0 999.0 999.0  6.0 99.00
2012 07 04 14 00  60  3.6 99.0  0.00 99.00 99.00 999 9999.0  23.0 999.0 999.0  6.0 99.00
2012 07 04 16 25  50  2.7 99.0  0.30 99.00 99.00 999 9999.0  24.0 999.0 999.0  6.0 99.00
2012 07 04 18 20  70  1.8 99.0  0.60 99.00 99.00 999 9999.0  23.0 999.0 999.0  3.0 99.00
2012 07 04 20 25  30  2.2 99.0  0.30 99.00 99.00 999 9999.0  23.0 999.0 999.0  6.0 99.00
2012 07 04 23 10  60  2.7 99.0  0.60 99.00 99.00 999 9999.0  24.0 999.0 999.0  3.0 99.00
2012 07 05 12 22 190  1.8 99.0  0.00 99.00 99.00 999 9999.0  22.0 999.0 999.0  6.0 99.00
2012 07 05 14 35 310  2.7 99.0  0.30 99.00 99.00 999 9999.0  29.0 999.0 999.0  6.0 99.00
2012 07 05 16 30 320  4.5 99.0  0.60 99.00 99.00 999 9999.0  32.0 999.0 999.0  6.0 99.00
2012 07 05 18 15 140  1.8 99.0  0.30 99.00 99.00 999 9999.0 999.0 999.0 999.0  6.0 99.00
2012 07 05 20 25 180  2.7 99.0  0.00 99.00 99.00 999 9999.0  25.0 999.0 999.0  6.0 99.00
2012 07 05 22 15 130  1.8 99.0  0.30 99.00 99.00 999 9999.0  24.0 999.0 999.0  6.0 99.00
2012 07 06 00 15 100  1.3 99.0  0.30 99.00 99.00 999 9999.0  23.0 999.0 999.0 99.0 99.00
2012 07 06 12 26 290  0.9 99.0  0.00 99.00 99.00 999 9999.0  23.0 999.0 999.0  6.0 99.00
2012 07 06 14 10  80  1.8 99.0  0.00 99.00 99.00 999 9999.0  25.0 999.0 999.0  6.0 99.00
2012 07 06 20 40  65  2.7 99.0  0.00 99.00 99.00 999 9999.0  25.0 999.0 999.0  6.0 99.00
2012 07 06 22 10 100  2.2 99.0  0.00 99.00 99.00 999 9999.0  25.0 999.0 999.0  6.0 99.00
2012 07 07 11 46 335  1.8 99.0  0.00 99.00 99.00 999 9999.0  19.0 999.0 999.0  6.0 99.00
2012 07 07 15 20  45  2.7 99.0  0.00 99.00 99.00 999 9999.0  20.0 999.0 999.0  6.0 99.00
2012 07 07 16 35  65  6.3 99.0  0.30 99.00 99.00 999 9999.0  22.0 999.0 999.0  6.0 99.00
2012 07 07 20 20  70  2.7 99.0  0.30 99.00 99.00 999 9999.0  23.0 999.0 999.0  6.0 99.00
2012 07 08 01 40 335  1.3 99.0  0.00 99.00 99.00 999 9999.0  22.0 999.0 999.0  6.0 99.00
2012 07 08 18 45 180  3.6 99.0  0.30 99.00 99.00 999 9999.0  23.0 999.0 999.0  6.0 99.00
2012 07 08 20 05 180  3.6 99.0  0.60 99.00 99.00 999 9999.0  24.0 999.0 999.0  6.0 99.00
2012 07 09 14 26  40  3.1 99.0  0.00 99.00 99.00 999 9999.0 999.0 999.0 999.0  6.0 99.00
2012 07 09 18 10  45  3.1 99.0  0.30 99.00 99.00 999 9999.0  22.0 999.0 999.0  6.0 99.00
2012 07 09 21 00  60  3.1 99.0  0.30 99.00 99.00 999 9999.0  21.0 999.0 999.0  6.0 99.00
2012 07 09 22 15  30  2.2 99.0  0.30 99.00 99.00 999 9999.0  20.0 999.0 999.0  6.0 99.00
2012 07 10 00 30  70  2.2 99.0  0.30 99.00 99.00 999 9999.0  22.0 999.0 999.0  6.0 99.00
2012 07 10 02 35 310  1.3 99.0  0.30 99.00 99.00 999 9999.0  17.0 999.0 999.0  6.0 99.00
2012 07 10 13 06  50  1.3 99.0  0.00 99.00 99.00 999 9999.0  21.0 999.0 999.0  6.0 99.00
2012 07 10 14 43  60  2.7 99.0  0.00 99.00 99.00 999 9999.0  21.0 999.0 999.0  6.0 99.00
2012 07 10 16 20  70  3.6 99.0  0.30 99.00 99.00 999 9999.0  21.0 999.0 999.0  6.0 99.00
2012 07 10 18 05  90  3.1 99.0  0.60 99.00 99.00 999 9999.0  22.0 999.0 999.0  6.0 99.00
2012 07 10 20 15  90  3.1 99.0  0.30 99.00 99.00 999 9999.0  22.0 999.0 999.0  6.0 99.00
2012 07 10 22 00  90  2.2 99.0  0.30 99.00 99.00 999 9999.0  22.0 999.0 999.0  6.0 99.00
2012 07 11 00 30  80  2.2 99.0  0.00 99.00 99.00 999 9999.0  22.0 999.0 999.0  6.0 99.00
2012 07 11 23 35 180  4.5 99.0  0.60 99.00 99.00 999 9999.0  23.0 999.0 999.0  6.0 99.00
2012 07 12 00 15 180  4.5 99.0  0.60 99.00 99.00 999 9999.0  24.0 999.0 999.0  6.0 99.00
2012 07 12 01 20 225  1.3 99.0  0.30 99.00 99.00 999 9999.0  22.0 999.0 999.0  6.0 99.00
2012 07 12 02 45 245  1.8 99.0  0.30 99.00 99.00 999 9999.0  21.0 999.0 999.0  6.0 99.00
2012 07 13 00 15 305  2.7 99.0  0.30 99.00 99.00 999 9999.0  23.0 999.0 999.0  6.0 99.00
2012 07 13 02 10 205  1.8 99.0  0.30 99.00 99.00 999 9999.0  22.0 999.0 999.0  6.0 99.00
2012 07 13 12 50 140  2.2 99.0  0.30 99.00 99.00 999 9999.0  23.0 999.0 999.0  6.0 99.00
2012 07 13 14 06 180  2.7 99.0  0.60 99.00 99.00 999 9999.0  23.0 999.0 999.0  6.0 99.00
2012 07 13 16 40 160  3.6 99.0  0.30 99.00 99.00 999 9999.0  24.0 999.0 999.0  6.0 99.00
2012 07 13 23 45 180  3.6 99.0  0.00 99.00 99.00 999 9999.0  23.0 999.0 999.0  6.0 99.00
2012 07 14 02 20 180  3.6 99.0  0.60 99.00 99.00 999 9999.0  23.0 999.0 999.0  6.0 99.00
2012 07 14 14 05 230  2.2 99.0  0.00 99.00 99.00 999 9999.0  27.0 999.0 999.0  6.0 99.00
2012 07 14 16 40 180  6.3 99.0  0.30 99.00 99.00 999 9999.0  23.0 999.0 999.0  6.0 99.00
2012 07 14 18 00 180  4.0 99.0  0.30 99.00 99.00 999 9999.0  24.0 999.0 999.0  6.0 99.00
2012 07 14 20 25 180  4.5 99.0  0.60 99.00 99.00 999 9999.0  23.0 999.0 999.0  3.0 99.00
2012 07 15 00 10 180  4.9 99.0  1.20 99.00 99.00 999 9999.0  22.0 999.0 999.0  6.0 99.00
2012 07 15 02 35 270  1.3 99.0  0.90 99.00 99.00 999 9999.0  23.0 999.0 999.0  6.0 99.00
2012 07 15 12 16 350  1.3 99.0  0.30 99.00 99.00 999 9999.0  24.0 999.0 999.0  6.0 99.00
2012 07 15 13 55 310  2.2 99.0  0.30 99.00 99.00 999 9999.0  27.0 999.0 999.0  6.0 99.00
2012 07 15 16 25 140  2.2 99.0  0.30 99.00 99.00 999 9999.0  25.0 999.0 999.0  6.0 99.00
2012 07 15 19 10 120  2.2 99.0  0.30 99.00 99.00 999 9999.0  24.0 999.0 999.0  6.0 99.00
2012 07 16 21 10 180  5.4 99.0  0.90 99.00 99.00 999 9999.0  23.0 999.0 999.0  6.0 99.00
2012 07 16 23 25 180  5.8 99.0  0.90 99.00 99.00 999 9999.0 999.0 999.0 999.0  6.0 99.00
2012 07 17 00 10 180  4.5 99.0  0.90 99.00 99.00 999 9999.0  22.0 999.0 999.0  6.0 99.00
2012 07 17 01 10 180  3.6 99.0  0.60 99.00 99.00 999 9999.0  22.0 999.0 999.0  6.0 99.00
2012 07 17 14 20 295  4.0 99.0  0.30 99.00 99.00 999 9999.0  28.0 999.0 999.0  6.0 99.00
2012 07 18 14 21  50  1.8 99.0  0.60 99.00 99.00 999 9999.0  21.0 999.0 999.0  6.0 99.00
2012 07 18 16 10  50  3.1 99.0  0.60 99.00 99.00 999 9999.0  22.0 999.0 999.0  6.0 99.00
2012 07 18 18 40  60  3.6 99.0  0.60 99.00 99.00 999 9999.0  22.0 999.0 999.0  6.0 99.00
2012 07 18 20 15  60  4.0 99.0  0.60 99.00 99.00 999 9999.0  23.0 999.0 999.0  6.0 99.00
2012 07 19 00 25 310  3.6 99.0  0.60 99.00 99.00 999 9999.0  22.0 999.0 999.0  6.0 99.00
2012 07 19 12 40  50  4.9 99.0  0.90 99.00 99.00 999 9999.0  17.0 999.0 999.0  3.0 99.00
2012 07 19 14 30  50  8.5 99.0  1.20 99.00 99.00 999 9999.0  19.0 999.0 999.0  6.0 99.00
2012 07 19 16 00  50  9.4 99.0  0.90 99.00 99.00 999 9999.0  19.0 999.0 999.0  6.0 99.00
2012 07 19 18 05  50  9.8 99.0  0.90 99.00 99.00 999 9999.0  19.0 999.0 999.0  6.0 99.00
2012 07 19 22 25  50  5.4 99.0  1.50 99.00 99.00 999 9999.0  20.0 999.0 999.0  6.0 99.00
2012 07 19 23 55  50  4.5 99.0  1.20 99.00 99.00 999 9999.0  20.0 999.0 999.0  6.0 99.00
2012 07 20 00 10  40  4.5 99.0  0.90 99.00 99.00 999 9999.0  20.0 999.0 999.0  6.0 99.00
2012 07 20 12 11  50  1.3 99.0  0.30 99.00 99.00 999 9999.0  18.0 999.0 999.0  6.0 99.00
2012 07 20 14 30  90  4.5 99.0  0.60 99.00 99.00 999 9999.0  22.0 999.0 999.0  6.0 99.00
2012 07 20 16 25 110  2.7 99.0  0.30 99.00 99.00 999 9999.0  22.0 999.0 999.0  6.0 99.00
2012 07 20 23 50 180  2.7 99.0  0.30 99.00 99.00 999 9999.0  22.0 999.0 999.0  6.0 99.00
2012 07 21 17 05 280  2.2 99.0  0.30 99.00 99.00 999 9999.0  26.0 999.0 999.0  3.0 99.00
2012 07 21 18 55 270  5.4 99.0  0.30 99.00 99.00 999 9999.0  30.0 999.0 999.0  6.0 99.00
2012 07 21 21 15 310  4.0 99.0  0.60 99.00 99.00 999 9999.0  31.0 999.0 999.0  6.0 99.00
2012 07 21 22 45 230  2.7 99.0  0.30 99.00 99.00 999 9999.0  31.0 999.0 999.0  6.0 99.00
2012 07 21 23 30 355  2.7 99.0  0.30 99.00 99.00 999 9999.0 999.0 999.0 999.0  6.0 99.00
2012 07 22 01 00 295  0.9 99.0 99.00 99.00 99.00 999 9999.0  24.0 999.0 999.0  3.0 99.00
2012 07 22 18 35 105  1.8 99.0  0.00 99.00 99.00 999 9999.0  23.0 999.0 999.0  6.0 99.00
2012 07 22 20 45 125  1.3 99.0  0.30 99.00 99.00 999 9999.0  24.0 999.0 999.0  6.0 99.00
2012 07 23 12 01 320  3.1 99.0  0.30 99.00 99.00 999 9999.0  25.0 999.0 999.0  6.0 99.00
2012 07 23 14 55 340  4.0 99.0  0.60 99.00 99.00 999 9999.0  31.0 999.0 999.0  6.0 99.00
2012 07 23 16 30 300  3.6 99.0  0.60 99.00 99.00 999 9999.0  31.0 999.0 999.0  6.0 99.00
2012 07 23 23 50 330  3.6 99.0  0.00 99.00 99.00 999 9999.0  32.0 999.0 999.0  6.0 99.00
2012 07 24 02 05  30  5.4 99.0  0.60 99.00 99.00 999 9999.0  26.0 999.0 999.0  6.0 99.00
2012 07 24 12 01 330  0.9 99.0 99.00 99.00 99.00 999 9999.0  21.0 999.0 999.0  6.0 99.00
2012 07 24 14 20  60  4.0 99.0  0.60 99.00 99.00 999 9999.0  23.0 999.0 999.0  6.0 99.00
2012 07 24 17 05 100  2.7 99.0  0.60 99.00 99.00 999 9999.0  24.0 999.0 999.0  6.0 99.00
2012 07 24 23 55 200  3.1 99.0  0.60 99.00 99.00 999 9999.0  23.0 999.0 999.0  6.0 99.00
2012 07 25 12 40 220  3.6 99.0  0.90 99.00 99.00 999 9999.0  22.0 999.0 999.0  6.0 99.00
2012 07 25 14 30 170  5.8 99.0  0.90 99.00 99.00 999 9999.0  23.0 999.0 999.0  6.0 99.00
2012 07 25 19 55 180  7.6 99.0  0.90 99.00 99.00 999 9999.0  24.0 999.0 999.0  3.0 99.00
2012 07 25 23 55 130  2.2 99.0  0.90 99.00 99.00 999 9999.0  24.0 999.0 999.0  6.0 99.00
2012 07 26 16 10  70  4.5 99.0  0.30 99.00 99.00 999 9999.0  23.0 999.0 999.0  6.0 99.00
2012 07 26 20 10   9  3.6 99.0  0.00 99.00 99.00 999 9999.0  22.0 999.0 999.0  6.0 99.00
2012 07 26 23 15  90  4.0 99.0  0.00 99.00 99.00 999 9999.0  22.0 999.0 999.0  6.0 99.00
2012 07 27 20 10  70  4.5 99.0  0.90 99.00 99.00 999 9999.0  23.0 999.0 999.0  6.0 99.00
2012 07 27 23 00   5  2.7 99.0  1.20 99.00 99.00 999 9999.0  23.0 999.0 999.0  6.0 99.00
2012 07 28 00 05  70  2.7 99.0  1.20 99.00 99.00 999 9999.0  22.0 999.0 999.0  6.0 99.00
2012 07 28 12 40  20  2.2 99.0  0.30 99.00 99.00 999 9999.0  19.0 999.0 999.0  6.0 99.00
2012 07 28 16 30 330  1.8 99.0  0.30 99.00 99.00 999 9999.0  24.0 999.0 999.0  6.0 99.00
2012 07 28 17 55  50  2.2 99.0  0.30 99.00 99.00 999 9999.0  22.0 999.0 999.0  6.0 99.00
2012 07 29 00 25 140  2.7 99.0  0.30 99.00 99.00 999 9999.0  22.0 999.0 999.0  6.0 99.00
2012 07 29 02 40 240  2.2 99.0  0.20 99.00 99.00 999 9999.0  19.0 999.0 999.0  6.0 99.00
2012 07 29 16 05 180  4.9 99.0  0.60 99.00 99.00 999 9999.0  23.0 999.0 999.0  6.0 99.00
2012 07 30 01 10 200  4.0 99.0  0.30 99.00 99.00 999 9999.0  23.0 999.0 999.0  6.0 99.00
2012 07 30 02 10 210  3.6 99.0  0.30 99.00 99.00 999 9999.0  22.0 999.0 999.0  6.0 99.00
2012 07 30 16 20 185  4.5 99.0  0.90 99.00 99.00 999 9999.0  23.0 999.0 999.0  6.0 99.00
2012 07 30 17 50 205  6.7 99.0  0.60 99.00 99.00 999 9999.0  24.0 999.0 999.0  6.0 99.00
2012 07 31 00 35 205  4.5 99.0  0.90 99.00 99.00 999 9999.0  25.0 999.0 999.0  6.0 99.00
2012 07 31 12 11 335  2.7 99.0  0.00 99.00 99.00 999 9999.0  21.0 999.0 999.0  6.0 99.00
2012 07 31 14 40 315  3.1 99.0  0.00 99.00 99.00 999 9999.0  23.0 999.0 999.0  6.0 99.00
2012 08 01 16 55 180  5.4 99.0  0.90 99.00 99.00 999 9999.0  23.0 999.0 999.0  6.0 99.00
2012 08 01 18 30 170  4.5 99.0  0.90 99.00 99.00 999 9999.0  23.0 999.0 999.0  6.0 99.00
2012 08 01 20 20 180  6.7 99.0  0.60 99.00 99.00 999 9999.0  23.0 999.0 999.0  6.0 99.00
2012 08 02 00 15 230  3.1 99.0  0.30 99.00 99.00 999 9999.0  23.0 999.0 999.0  3.0 99.00
2012 08 02 02 05 180  4.5 99.0  0.30 99.00 99.00 999 9999.0  21.0 999.0 999.0  1.0 99.00
2012 08 02 13 50 330  2.2 99.0  0.30 99.00 99.00 999 9999.0  22.0 999.0 999.0  6.0 99.00
2012 08 02 14 26 360  2.2 99.0  0.30 99.00 99.00 999 9999.0  23.0 999.0 999.0  6.0 99.00
2012 08 02 15 50 270  2.7 99.0  0.60 99.00 99.00 999 9999.0  24.0 999.0 999.0  3.0 99.00
2012 08 02 18 05 260  1.3 99.0  0.30 99.00 99.00 999 9999.0  24.0 999.0 999.0  6.0 99.00
2012 08 02 20 20 180  2.7 99.0  0.20 99.00 99.00 999 9999.0  22.0 999.0 999.0  6.0 99.00
2012 08 03 00 15 270  1.3 99.0  0.00 99.00 99.00 999 9999.0  24.0 999.0 999.0  6.0 99.00
2012 08 03 11 55  60  4.0 99.0 99.00 99.00 99.00 999 9999.0  18.0 999.0 999.0  6.0 99.00
2012 08 03 16 35  55  3.1 99.0  0.00 99.00 99.00 999 9999.0  22.0 999.0 999.0  6.0 99.00
2012 08 03 18 05  55  4.0 99.0  0.00 99.00 99.00 999 9999.0  22.0 999.0 999.0  6.0 99.00
2012 08 04 12 12 275  1.8 99.0  0.00 99.00 99.00 999 9999.0  23.0 999.0 999.0  3.0 99.00
2012 08 04 14 55 180  2.2 99.0  0.30 99.00 99.00 999 9999.0  23.0 999.0 999.0  6.0 99.00
2012 08 04 22 00 285  4.9 99.0  0.30 99.00 99.00 999 9999.0  24.0 999.0 999.0  6.0 99.00
2012 08 05 12 21 300  4.5 99.0  0.30 99.00 99.00 999 9999.0  19.0 999.0 999.0  6.0 99.00
2012 08 05 13 40 330  5.4 99.0  0.30 99.00 99.00 999 9999.0  19.0 999.0 999.0  6.0 99.00
2012 08 05 19 30 300  5.8 99.0 99.00 99.00 99.00 999 9999.0  23.0 999.0 999.0  6.0 99.00
2012 08 05 20 15 310  4.5 99.0 99.00 99.00 99.00 999 9999.0  24.0 999.0 999.0  6.0 99.00
2012 08 05 22 20 315  2.7 99.0  0.30 99.00 99.00 999 9999.0  24.0 999.0 999.0 99.0 99.00
2012 08 06 15 05 270  2.7 99.0  0.00 99.00 99.00 999 9999.0  23.0 999.0 999.0  6.0 99.00
2012 08 06 18 15 270  4.5 99.0  0.30 99.00 99.00 999 9999.0  25.0 999.0 999.0  6.0 99.00
2012 08 06 18 20 240  5.8 99.0  0.30 99.00 99.00 999 9999.0  26.0 999.0 999.0  3.0 99.00
2012 08 06 20 10 270  4.5 99.0  0.30 99.00 99.00 999 9999.0  24.0 999.0 999.0  3.0 99.00
2012 08 07 00 25 100  4.5 99.0 99.00 99.00 99.00 999 9999.0  22.0 999.0 999.0  6.0 99.00
2012 08 07 02 00 220  2.2 99.0 99.00 99.00 99.00 999 9999.0  21.0 999.0 999.0  6.0 99.00
2012 08 07 12 26 250  1.8 99.0  0.30 99.00 99.00 999 9999.0  20.0 999.0 999.0  6.0 99.00
2012 08 07 16 30 290  3.6 99.0  0.30 99.00 99.00 999 9999.0  27.0 999.0 999.0  6.0 99.00
2012 08 07 20 05  60  2.7 99.0  0.30 99.00 99.00 999 9999.0  24.0 999.0 999.0  6.0 99.00
2012 08 07 22 00  90  0.9 99.0 99.00 99.00 99.00 999 9999.0  24.0 999.0 999.0  6.0 99.00
2012 08 08 00 40 360  1.8 99.0  0.30 99.00 99.00 999 9999.0  23.0 999.0 999.0  6.0 99.00
2012 08 08 12 01 300  2.2 99.0  0.30 99.00 99.00 999 9999.0  16.0 999.0 999.0  3.0 99.00
2012 08 08 17 35  55  5.8 99.0  0.60 99.00 99.00 999 9999.0  22.0 999.0 999.0  6.0 99.00
2012 08 08 18 30  55  3.6 99.0  0.60 99.00 99.00 999 9999.0  22.0 999.0 999.0  6.0 99.00
2012 08 08 22 25  30  1.8 99.0  0.00 99.00 99.00 999 9999.0  21.0 999.0 999.0  6.0 99.00
2012 08 09 02 15 360  1.3 99.0  0.30 99.00 99.00 999 9999.0  19.0 999.0 999.0  6.0 99.00
2012 08 10 00 10  60  5.4 99.0  0.90 99.00 99.00 999 9999.0  17.0 999.0 999.0  3.0 99.00
2012 08 10 12 06 290  5.4 99.0  0.90 99.00 99.00 999 9999.0  16.0 999.0 999.0  6.0 99.00
2012 08 10 14 55 360  4.5 99.0  0.90 99.00 99.00 999 9999.0  21.0 999.0 999.0  6.0 99.00
2012 08 10 19 35 330  5.4 99.0  1.20 99.00 99.00 999 9999.0  21.0 999.0 999.0  6.0 99.00
2012 08 10 20 05 350  6.7 99.0  1.20 99.00 99.00 999 9999.0  21.0 999.0 999.0  6.0 99.00
2012 08 11 12 06 320  4.5 99.0 99.00 99.00 99.00 999 9999.0  17.0 999.0 999.0  6.0 99.00
2012 08 11 14 20   0  4.5 99.0 99.00 99.00 99.00 999 9999.0  21.0 999.0 999.0  6.0 99.00
2012 08 11 16 05 300  4.5 99.0 99.00 99.00 99.00 999 9999.0  22.0 999.0 999.0  3.0 99.00
2012 08 11 18 15 310  3.6 99.0  0.60 99.00 99.00 999 9999.0  24.0 999.0 999.0  6.0 99.00
2012 08 11 20 00 350  3.6 99.0  0.60 99.00 99.00 999 9999.0  25.0 999.0 999.0  6.0 99.00
2012 08 12 02 15 340  1.8 99.0  1.20 99.00 99.00 999 9999.0  17.0 999.0 999.0  6.0 99.00
2012 08 12 12 16 310  2.2 99.0 99.00 99.00 99.00 999 9999.0  14.0 999.0 999.0 99.0 99.00
2012 08 12 20 10 170  4.5 99.0  0.30 99.00 99.00 999 9999.0  21.0 999.0 999.0  3.0 99.00
2012 08 12 22 20 200  4.0 99.0  0.60 99.00 99.00 999 9999.0  22.0 999.0 999.0  6.0 99.00
2012 08 13 00 05 250  0.9 99.0 99.00 99.00 99.00 999 9999.0  21.0 999.0 999.0  6.0 99.00
2012 08 13 02 05   0  0.0 99.0 99.00 99.00 99.00 999 9999.0  19.0 999.0 999.0  6.0 99.00
2012 08 13 15 05 300  1.8 99.0  0.30 99.00 99.00 999 9999.0  20.0 999.0 999.0  3.0 99.00
2012 08 13 17 00  13  2.2 99.0 99.00 99.00 99.00 999 9999.0  21.0 999.0 999.0  6.0 99.00
2012 08 13 18 15 155  3.1 99.0  0.30 99.00 99.00 999 9999.0  22.0 999.0 999.0  6.0 99.00
2012 08 14 17 40 300  4.5 99.0  0.30 99.00 99.00 999 9999.0  25.0 999.0 999.0  6.0 99.00
2012 08 15 12 06  33  1.3 99.0  0.30 99.00 99.00 999 9999.0  16.0 999.0 999.0  6.0 99.00
2012 08 15 14 10  70  2.7 99.0  0.00 99.00 99.00 999 9999.0  21.0 999.0 999.0  6.0 99.00
2012 08 16 01 55 180  4.9 99.0  0.60 99.00 99.00 999 9999.0  22.0 999.0 999.0  6.0 99.00
2012 08 16 12 16 210  2.2 99.0 99.00 99.00 99.00 999 9999.0  21.0 999.0 999.0  6.0 99.00
2012 08 16 14 00 300  3.6 99.0 99.00 99.00 99.00 999 9999.0  21.0 999.0 999.0  6.0 99.00
2012 08 16 17 55 280  2.7 99.0  0.60 99.00 99.00 999 9999.0  19.0 999.0 999.0  6.0 99.00
2012 08 16 18 25 260  3.1 99.0  0.90 99.00 99.00 999 9999.0  21.0 999.0 999.0  6.0 99.00
2012 08 16 20 35 330  3.6 99.0  0.30 99.00 99.00 999 9999.0  23.0 999.0 999.0  6.0 99.00
2012 08 16 22 25 330  4.0 99.0  0.30 99.00 99.00 999 9999.0  22.0 999.0 999.0  3.0 99.00
2012 08 17 00 00 300  5.4 99.0 99.00 99.00 99.00 999 9999.0  21.0 999.0 999.0  6.0 99.00
2012 08 17 02 00 310  4.5 99.0 99.00 99.00 99.00 999 9999.0  19.0 999.0 999.0  6.0 99.00
2012 08 17 12 21 300  2.7 99.0  0.00 99.00 99.00 999 9999.0  15.0 999.0 999.0  6.0 99.00
2012 08 17 14 16 310  4.0 99.0  0.30 99.00 99.00 999 9999.0  17.0 999.0 999.0  6.0 99.00
2012 08 17 16 15 245  2.7 99.0  0.30 99.00 99.00 999 9999.0  19.0 999.0 999.0  6.0 99.00
2012 08 17 18 10  32  4.9 99.0  0.30 99.00 99.00 999 9999.0  21.0 999.0 999.0  6.0 99.00
2012 08 17 20 25  31  3.6 99.0  0.30 99.00 99.00 999 9999.0  22.0 999.0 999.0  6.0 99.00
2012 08 17 22 05  33  2.7 99.0 99.00 99.00 99.00 999 9999.0  22.0 999.0 999.0  6.0 99.00
2012 08 18 12 40  27  1.8 99.0  0.30 99.00 99.00 999 9999.0  15.0 999.0 999.0  6.0 99.00
2012 08 18 22 35  23  1.8 99.0  0.60 99.00 99.00 999 9999.0  23.0 999.0 999.0  6.0 99.00
2012 08 19 00 35 225  1.8 99.0  0.60 99.00 99.00 999 9999.0  21.0 999.0 999.0  6.0 99.00
2012 08 19 12 06   5  1.3 99.0  0.30 99.00 99.00 999 9999.0  16.0 999.0 999.0  6.0 99.00
2012 08 20 16 40 310  2.2 99.0  0.00 99.00 99.00 999 9999.0  22.0 999.0 999.0  6.0 99.00
2012 08 20 18 15 150  2.7 99.0  0.00 99.00 99.00 999 9999.0  21.0 999.0 999.0  6.0 99.00
2012 08 20 20 10 180  4.5 99.0  0.30 99.00 99.00 999 9999.0  21.0 999.0 999.0  3.0 99.00
2012 08 21 00 30 320  0.9 99.0  0.30 99.00 99.00 999 9999.0  19.0 999.0 999.0  6.0 99.00
2012 08 21 15 50 240  2.7 99.0  0.30 99.00 99.00 999 9999.0  24.0 999.0 999.0  6.0 99.00
2012 08 21 19 35 310  2.7 99.0  0.00 99.00 99.00 999 9999.0  26.0 999.0 999.0  6.0 99.00
2012 08 21 20 10 290  2.2 99.0  0.00 99.00 99.00 999 9999.0  25.0 999.0 999.0  6.0 99.00
2012 08 22 00 10 180  4.0 99.0  0.90 99.00 99.00 999 9999.0  22.0 999.0 999.0  6.0 99.00
2012 08 22 15 00 250  4.5 99.0  0.30 99.00 99.00 999 9999.0  24.0 999.0 999.0  3.0 99.00
2012 08 22 17 55 210  5.8 99.0  0.60 99.00 99.00 999 9999.0  27.0 999.0 999.0  6.0 99.00
2012 08 22 23 50  20  4.9 99.0  0.60 99.00 99.00 999 9999.0  21.0 999.0 999.0  6.0 99.00
2012 08 23 00 05  20  4.9 99.0 99.00 99.00 99.00 999 9999.0  21.0 999.0 999.0  6.0 99.00
2012 08 23 02 10  21  4.5 99.0 99.00 99.00 99.00 999 9999.0  21.0 999.0 999.0  6.0 99.00
2012 08 23 14 40 150  2.2 99.0  0.60 99.00 99.00 999 9999.0  20.0 999.0 999.0  6.0 99.00
2012 08 23 16 15 180  6.3 99.0  0.90 99.00 99.00 999 9999.0  21.0 999.0 999.0  6.0 99.00
2012 08 23 18 10 180  4.0 99.0  0.90 99.00 99.00 999 9999.0  21.0 999.0 999.0  6.0 99.00
2012 08 23 23 05  17  5.4 99.0  0.60 99.00 99.00 999 9999.0  19.0 999.0 999.0  6.0 99.00
2012 08 24 12 06 185  3.1 99.0  0.60 99.00 99.00 999 9999.0  18.0 999.0 999.0  3.0 99.00
2012 08 24 14 00 190  4.0 99.0  0.60 99.00 99.00 999 9999.0  18.0 999.0 999.0  6.0 99.00
2012 08 24 18 25 180  5.4 99.0  0.60 99.00 99.00 999 9999.0  19.0 999.0 999.0  6.0 99.00
2012 08 24 20 25 190  6.3 99.0  0.60 99.00 99.00 999 9999.0  21.0 999.0 999.0  6.0 99.00
2012 08 25 00 10 180  4.5 99.0  1.20 99.00 99.00 999 9999.0  18.0 999.0 999.0  3.0 99.00
2012 08 25 18 10 130  2.2 99.0 99.00 99.00 99.00 999 9999.0  19.0 999.0 999.0  0.3 99.00
2012 08 25 22 20 180  4.5 99.0  0.60 99.00 99.00 999 9999.0  21.0 999.0 999.0  1.0 99.00
2012 08 26 00 30 180  1.8 99.0  0.90 99.00 99.00 999 9999.0  20.0 999.0 999.0  6.0 99.00
2012 08 26 02 20 200  1.8 99.0  0.60 99.00 99.00 999 9999.0  17.0 999.0 999.0  6.0 99.00
2012 08 26 13 10 250  1.3 99.0  0.60 99.00 99.00 999 9999.0  20.0 999.0 999.0  1.0 99.00
2012 08 26 14 50 340  1.3 99.0  0.30 99.00 99.00 999 9999.0  22.0 999.0 999.0  1.0 99.00
2012 08 26 22 45 180  4.0 99.0  0.60 99.00 99.00 999 9999.0  18.0 999.0 999.0  6.0 99.00
2012 08 27 00 10 190  3.1 99.0  0.30 99.00 99.00 999 9999.0  17.0 999.0 999.0  1.0 99.00
2012 08 27 03 00 280  1.3 99.0  0.30 99.00 99.00 999 9999.0  17.0 999.0 999.0  1.0 99.00
2012 08 27 17 15 300  4.0 99.0  0.60 99.00 99.00 999 9999.0  26.0 999.0 999.0  6.0 99.00
2012 08 27 17 45 330  2.7 99.0  0.60 99.00 99.00 999 9999.0  27.0 999.0 999.0  6.0 99.00
2012 08 27 20 10 330  3.6 99.0  0.30 99.00 99.00 999 9999.0  28.0 999.0 999.0  6.0 99.00
2012 08 28 00 05  20  1.8 99.0  0.30 99.00 99.00 999 9999.0  19.0 999.0 999.0  6.0 99.00
2012 08 28 14 20 135  0.9 99.0  0.00 99.00 99.00 999 9999.0  21.0 999.0 999.0  6.0 99.00
2012 08 28 17 10  90  2.2 99.0  0.30 99.00 99.00 999 9999.0  22.0 999.0 999.0 99.0 99.00
2012 08 28 18 05  10  4.0 99.0  0.30 99.00 99.00 999 9999.0  22.0 999.0 999.0  6.0 99.00
2012 08 28 20 10  12  3.1 99.0  0.30 99.00 99.00 999 9999.0  21.0 999.0 999.0  6.0 99.00
2012 08 28 22 15 125  3.1 99.0  0.30 99.00 99.00 999 9999.0  21.0 999.0 999.0  6.0 99.00
2012 08 29 00 05 155  3.1 99.0  0.60 99.00 99.00 999 9999.0  20.0 999.0 999.0  6.0 99.00
2012 08 29 12 00  27  1.3 99.0  0.30 99.00 99.00 999 9999.0  14.0 999.0 999.0  6.0 99.00
2012 08 29 16 20 180  4.5 99.0  0.30 99.00 99.00 999 9999.0  21.0 999.0 999.0  3.0 99.00
2012 08 29 18 40 180  4.9 99.0  0.30 99.00 99.00 999 9999.0  22.0 999.0 999.0  6.0 99.00
2012 08 29 20 20 170  5.4 99.0  0.90 99.00 99.00 999 9999.0  22.0 999.0 999.0  6.0 99.00
2012 08 29 22 30 180  6.3 99.0  1.20 99.00 99.00 999 9999.0  22.0 999.0 999.0  3.0 99.00
2012 08 30 00 15 200  5.4 99.0  0.60 99.00 99.00 999 9999.0  21.0 999.0 999.0  6.0 99.00
2012 08 30 02 05 200  5.4 99.0  0.60 99.00 99.00 999 9999.0  21.0 999.0 999.0  6.0 99.00
2012 08 30 16 00 190  8.0 99.0  0.90 99.00 99.00 999 9999.0  21.0 999.0 999.0  6.0 99.00
2012 08 30 22 45 180  8.9 99.0  0.90 99.00 99.00 999 9999.0  19.0 999.0 999.0  6.0 99.00
2012 08 30 23 50 180  5.4 99.0  0.90 99.00 99.00 999 9999.0  18.0 999.0 999.0  6.0 99.00
2012 08 31 13 26  40  1.8 99.0  0.30 99.00 99.00 999 9999.0  23.0 999.0 999.0  6.0 99.00
2012 08 31 14 40 340  2.7 99.0  0.60 99.00 99.00 999 9999.0  25.0 999.0 999.0  6.0 99.00
2012 08 31 16 20  45  3.1 99.0  0.30 99.00 99.00 999 9999.0  21.0 999.0 999.0  6.0 99.00
2012 08 31 18 05  65  1.8 99.0  0.30 99.00 99.00 999 9999.0  21.0 999.0 999.0  6.0 99.00
2012 09 01 00 15  36  1.3 99.0  0.30 99.00 99.00 999 9999.0  20.0 999.0 999.0  6.0 99.00
2012 09 01 03 15  34  1.8 99.0  0.30 99.00 99.00 999 9999.0  16.0 999.0 999.0  6.0 99.00
2012 09 01 12 55 345  1.8 99.0  0.00 99.00 99.00 999 9999.0  16.0 999.0 999.0  6.0 99.00
2012 09 01 14 16  45  3.6 99.0  0.00 99.00 99.00 999 9999.0  20.0 999.0 999.0  6.0 99.00
2012 09 01 17 35  50  4.0 99.0  0.60 99.00 99.00 999 9999.0  22.0 999.0 999.0  6.0 99.00
2012 09 02 12 21  50  1.8 99.0  0.00 99.00 99.00 999 9999.0  18.0 999.0 999.0  6.0 99.00
2012 09 02 18 30  50  4.9 99.0 99.00 99.00 99.00 999 9999.0  23.0 999.0 999.0  6.0 99.00
2012 09 03 00 10  25  2.2 99.0  0.60 99.00 99.00 999 9999.0  21.0 999.0 999.0  6.0 99.00
2012 09 03 14 06 180  4.5 99.0  0.60 99.00 99.00 999 9999.0  21.0 999.0 999.0  6.0 99.00
2012 09 03 18 25 180  4.0 99.0  0.60 99.00 99.00 999 9999.0  22.0 999.0 999.0  6.0 99.00
2012 09 03 20 05 170  7.6 99.0  0.60 99.00 99.00 999 9999.0  22.0 999.0 999.0  6.0 99.00
2012 09 03 22 05 170  4.0 99.0  0.90 99.00 99.00 999 9999.0  21.0 999.0 999.0  6.0 99.00
2012 09 04 12 41  30  2.2 99.0 99.00 99.00 99.00 999 9999.0  21.0 999.0 999.0 99.0 99.00
2012 09 04 14 16  50  2.7 99.0 99.00 99.00 99.00 999 9999.0  21.0 999.0 999.0  6.0 99.00
2012 09 04 20 15  80  3.1 99.0  0.30 99.00 99.00 999 9999.0  23.0 999.0 999.0  3.0 99.00
2012 09 05 23 45  50  2.7 99.0  0.30 99.00 99.00 999 9999.0  21.0 999.0 999.0  6.0 99.00
2012 09 06 00 05  40  1.3 99.0  0.30 99.00 99.00 999 9999.0  21.0 999.0 999.0  6.0 99.00
2012 09 06 12 11 300  2.2 99.0  0.00 99.00 99.00 999 9999.0  16.0 999.0 999.0  6.0 99.00
2012 09 06 16 30 325  2.7 99.0  0.30 99.00 99.00 999 9999.0  24.0 999.0 999.0  6.0 99.00
2012 09 06 17 55 320  3.6 99.0  0.30 99.00 99.00 999 9999.0  26.0 999.0 999.0 99.0 99.00
2012 09 06 19 55 315  2.2 99.0  0.50 99.00 99.00 999 9999.0  27.0 999.0 999.0  6.0 99.00
2012 09 07 12 46 290  0.9 99.0  0.30 99.00 99.00 999 9999.0  16.0 999.0 999.0  6.0 99.00
2012 09 07 15 00 310  0.9 99.0  0.60 99.00 99.00 999 9999.0  16.0 999.0 999.0  6.0 99.00
2012 09 07 19 35   4 99.0 99.0  0.30 99.00 99.00 999 9999.0  15.0 999.0 999.0  3.0 99.00
2012 09 07 20 45 230  0.4 99.0  0.20 99.00 99.00 999 9999.0  14.0 999.0 999.0  6.0 99.00
2012 09 08 00 20 315  0.9 99.0  0.00 99.00 99.00 999 9999.0  15.0 999.0 999.0  6.0 99.00
2012 09 08 02 05 315  1.3 99.0  0.30 99.00 99.00 999 9999.0  13.0 999.0 999.0  6.0 99.00
2012 09 08 12 10 340  3.6 99.0 99.00 99.00 99.00 999 9999.0  13.0 999.0 999.0  6.0 99.00
2012 09 08 14 25 290  4.0 99.0 99.00 99.00 99.00 999 9999.0  16.0 999.0 999.0  6.0 99.00
2012 09 08 18 10 290  2.2 99.0  0.30 99.00 99.00 999 9999.0  18.0 999.0 999.0  3.0 99.00
2012 09 08 20 10 310  5.8 99.0  0.30 99.00 99.00 999 9999.0  21.0 999.0 999.0  3.0 99.00
2012 09 08 22 05 300  4.5 99.0  0.30 99.00 99.00 999 9999.0  19.0 999.0 999.0  6.0 99.00
2012 09 09 00 00 330  2.2 99.0  0.00 99.00 99.00 999 9999.0  16.0 999.0 999.0  6.0 99.00
2012 09 09 16 10 350  4.5 99.0  0.60 99.00 99.00 999 9999.0  18.0 999.0 999.0  6.0 99.00
2012 09 09 22 20  90  2.7 99.0  0.60 99.00 99.00 999 9999.0  19.0 999.0 999.0  6.0 99.00
2012 09 10 14 50 230  2.2 99.0  0.30 99.00 99.00 999 9999.0  14.0 999.0 999.0  6.0 99.00
2012 09 10 15 35 250  1.3 99.0  0.30 99.00 99.00 999 9999.0 999.0 999.0 999.0  6.0 99.00
2012 09 10 18 05 180  3.6 99.0  0.60 99.00 99.00 999 9999.0  22.0 999.0 999.0  6.0 99.00
2012 09 10 22 15 185  9.4 99.0  1.20 99.00 99.00 999 9999.0  21.0 999.0 999.0  6.0 99.00
2012 09 11 14 21  21  4.0 99.0  1.20 99.00 99.00 999 9999.0  19.0 999.0 999.0  6.0 99.00
2012 09 11 17 20 180  7.6 99.0  1.20 99.00 99.00 999 9999.0  19.0 999.0 999.0  6.0 99.00
2012 09 11 22 15 200  7.6 99.0  1.80 99.00 99.00 999 9999.0  20.0 999.0 999.0  6.0 99.00
2012 09 12 00 05 215  8.0 99.0  1.80 99.00 99.00 999 9999.0  20.0 999.0 999.0  6.0 99.00
2012 09 12 17 00 180  3.1 99.0  1.20 99.00 99.00 999 9999.0  18.0 999.0 999.0  6.0 99.00
2012 09 12 18 10 180  2.2 99.0  0.90 99.00 99.00 999 9999.0  17.0 999.0 999.0  6.0 99.00
2012 09 12 22 15  60  0.9 99.0  0.60 99.00 99.00 999 9999.0  18.0 999.0 999.0 99.0 99.00
2012 09 13 01 10 315  2.2 99.0  0.60 99.00 99.00 999 9999.0  20.0 999.0 999.0  6.0 99.00
2012 09 13 02 05   0  1.8 99.0  0.30 99.00 99.00 999 9999.0  19.0 999.0 999.0  6.0 99.00
2012 09 13 16 35 350  2.7 99.0  0.30 99.00 99.00 999 9999.0  14.0 999.0 999.0  6.0 99.00
2012 09 13 22 16 250  0.9 99.0  0.00 99.00 99.00 999 9999.0  16.0 999.0 999.0  6.0 99.00
2012 09 14 01 50 250  1.3 99.0  0.30 99.00 99.00 999 9999.0  13.0 999.0 999.0  6.0 99.00
2012 09 14 02 40 290  2.2 99.0  0.30 99.00 99.00 999 9999.0 999.0 999.0 999.0  6.0 99.00
2012 09 14 12 07 290  4.5 99.0 99.00 99.00 99.00 999 9999.0  12.0 999.0 999.0  6.0 99.00
2012 09 14 16 20 305  4.5 99.0  0.30 99.00 99.00 999 9999.0  19.0 999.0 999.0  6.0 99.00
2012 09 15 00 15 320  0.9 99.0 99.00 99.00 99.00 999 9999.0  16.0 999.0 999.0  6.0 99.00
2012 09 15 12 11 305  1.8 99.0  0.00 99.00 99.00 999 9999.0   9.0 999.0 999.0  6.0 99.00
2012 09 15 15 00  55  4.0 99.0  0.00 99.00 99.00 999 9999.0  14.0 999.0 999.0  6.0 99.00
2012 09 16 16 10 280  4.0 99.0  0.30 99.00 99.00 999 9999.0  23.0 999.0 999.0  6.0 99.00
2012 09 16 18 15 180  6.7 99.0  0.60 99.00 99.00 999 9999.0  24.0 999.0 999.0  6.0 99.00
2012 09 16 20 25 160  4.5 99.0  0.90 99.00 99.00 999 9999.0  23.0 999.0 999.0  6.0 99.00
2012 09 17 02 05 210  3.1 99.0  0.60 99.00 99.00 999 9999.0  18.0 999.0 999.0  6.0 99.00
2012 09 17 12 22  22  1.3 99.0  0.60 99.00 99.00 999 9999.0  15.0 999.0 999.0  6.0 99.00
2012 09 17 13 55 280  2.7 99.0  0.30 99.00 99.00 999 9999.0  17.0 999.0 999.0  6.0 99.00
2012 09 17 16 10  45  2.2 99.0  0.30 99.00 99.00 999 9999.0  18.0 999.0 999.0  6.0 99.00
2012 09 17 22 25 340  4.0 99.0  0.90 99.00 99.00 999 9999.0  14.0 999.0 999.0  3.0 99.00
2012 09 18 01 45 300  4.9 99.0  0.60 99.00 99.00 999 9999.0  11.0 999.0 999.0  6.0 99.00
2012 09 18 02 20 280  2.2 99.0  0.60 99.00 99.00 999 9999.0  11.0 999.0 999.0  6.0 99.00
2012 09 18 11 56 340  1.8 99.0 99.00 99.00 99.00 999 9999.0   8.0 999.0 999.0  6.0 99.00
2012 09 18 22 10 310  4.0 99.0  0.30 99.00 99.00 999 9999.0  12.0 999.0 999.0  6.0 99.00
2012 09 19 00 00 310  4.5 99.0  0.30 99.00 99.00 999 9999.0  10.0 999.0 999.0  6.0 99.00
2012 09 19 02 00 355  1.8 99.0  0.30 99.00 99.00 999 9999.0   8.0 999.0 999.0  1.0 99.00
2012 09 19 15 00 190  6.7 99.0  0.90 99.00 99.00 999 9999.0  11.0 999.0 999.0  6.0 99.00
2012 09 19 16 10 200 10.7 99.0  1.50 99.00 99.00 999 9999.0  13.0 999.0 999.0  6.0 99.00
2012 09 19 18 05 190 10.3 99.0  1.50 99.00 99.00 999 9999.0  14.0 999.0 999.0  6.0 99.00
2012 09 19 20 05 180  6.3 99.0  1.80 99.00 99.00 999 9999.0  14.0 999.0 999.0  6.0 99.00
2012 09 20 21 10 270  3.6 99.0 99.00 99.00 99.00 999 9999.0  16.0 999.0 999.0  6.0 99.00
2012 09 21 12 31 280  0.9 99.0  0.30 99.00 99.00 999 9999.0   8.0 999.0 999.0  6.0 99.00
2012 09 21 14 00 290  1.3 99.0  0.30 99.00 99.00 999 9999.0   9.0 999.0 999.0  6.0 99.00
2012 09 21 17 15 270  4.0 99.0  0.90 99.00 99.00 999 9999.0  14.0 999.0 999.0  6.0 99.00
2012 09 21 18 35 300  5.4 99.0  0.30 99.00 99.00 999 9999.0  16.0 999.0 999.0  3.0 99.00
2012 09 21 20 00 210  2.2 99.0  0.30 99.00 99.00 999 9999.0  15.0 999.0 999.0  3.0 99.00
2012 09 21 22 15 300  1.8 99.0  0.30 99.00 99.00 999 9999.0  13.0 999.0 999.0  6.0 99.00
2012 09 22 00 15 230  1.8 99.0 99.00 99.00 99.00 999 9999.0  10.0 999.0 999.0  6.0 99.00
2012 09 22 02 05 310  2.2 99.0  0.30 99.00 99.00 999 9999.0   8.0 999.0 999.0  1.0 99.00
2012 09 22 12 32 300  1.8 99.0  0.30 99.00 99.00 999 9999.0   6.0 999.0 999.0  6.0 99.00
2012 09 22 14 00 340  1.8 99.0  0.30 99.00 99.00 999 9999.0  12.0 999.0 999.0  6.0 99.00
2012 09 22 17 00 340  4.9 99.0  0.60 99.00 99.00 999 9999.0  13.0 999.0 999.0  6.0 99.00
2012 09 22 18 40 350  4.5 99.0  0.30 99.00 99.00 999 9999.0  14.0 999.0 999.0 99.0 99.00
2012 09 22 20 05 320  5.4 99.0  0.30 99.00 99.00 999 9999.0  14.0 999.0 999.0  3.0 99.00
2012 09 22 22 10 290  4.5 99.0  0.60 99.00 99.00 999 9999.0  13.0 999.0 999.0  6.0 99.00
2012 09 23 00 30 360  2.2 99.0  0.30 99.00 99.00 999 9999.0  11.0 999.0 999.0  6.0 99.00
2012 09 23 02 20 340  2.2 99.0  0.30 99.00 99.00 999 9999.0   9.0 999.0 999.0  6.0 99.00
2012 09 23 12 06 240  2.2 99.0  0.00 99.00 99.00 999 9999.0   5.0 999.0 999.0  6.0 99.00
2012 09 23 14 05 300  4.5 99.0  0.00 99.00 99.00 999 9999.0   9.0 999.0 999.0  6.0 99.00
2012 09 23 18 15 240  3.6 99.0  0.30 99.00 99.00 999 9999.0  11.0 999.0 999.0  6.0 99.00
2012 09 23 22 25 315  2.2 99.0  0.30 99.00 99.00 999 9999.0  12.0 999.0 999.0  6.0 99.00
2012 09 23 22 40 315  2.2 99.0  0.30 99.00 99.00 999 9999.0  12.0 999.0 999.0 99.0 99.00
2012 09 24 01 55 270  1.3 99.0  0.60 99.00 99.00 999 9999.0   6.0 999.0 999.0  6.0 99.00
2012 09 24 12 07 230  4.0 99.0  0.30 99.00 99.00 999 9999.0   6.0 999.0 999.0  6.0 99.00
2012 09 24 16 05 235  4.0 99.0  0.60 99.00 99.00 999 9999.0  14.0 999.0 999.0  6.0 99.00
2012 09 24 18 10 230  4.9 99.0  1.20 99.00 99.00 999 9999.0  18.0 999.0 999.0  6.0 99.00
2012 09 25 14 05  50  2.7 99.0  0.90 99.00 99.00 999 9999.0  13.0 999.0 999.0  6.0 99.00
2012 09 25 22 00  55  2.2 99.0  0.60 99.00 99.00 999 9999.0  13.0 999.0 999.0  6.0 99.00
2012 09 26 02 00 360  0.9 99.0 99.00 99.00 99.00 999 9999.0  10.0 999.0 999.0  6.0 99.00
2012 09 26 13 55 360  1.8 99.0  0.30 99.00 99.00 999 9999.0  12.0 999.0 999.0  6.0 99.00
2012 09 26 16 45  60  4.0 99.0  0.30 99.00 99.00 999 9999.0  12.0 999.0 999.0  6.0 99.00
2012 09 26 18 25  80  3.6 99.0  0.30 99.00 99.00 999 9999.0  12.0 999.0 999.0  3.0 99.00
2012 09 26 20 40 110  2.2 99.0  0.00 99.00 99.00 999 9999.0  13.0 999.0 999.0  1.0 99.00
2012 09 26 21 55  60  1.8 99.0  0.30 99.00 99.00 999 9999.0  12.0 999.0 999.0  6.0 99.00
2012 09 27 14 05  20  3.6 99.0  0.30 99.00 99.00 999 9999.0  12.0 999.0 999.0  6.0 99.00
2012 09 27 18 15  70  4.0 99.0  0.30 99.00 99.00 999 9999.0 999.0 999.0 999.0  6.0 99.00
2012 09 27 20 05  70  4.0 99.0  0.30 99.00 99.00 999 9999.0 999.0 999.0 999.0  6.0 99.00
2012 09 27 22 15  60  2.7 99.0  0.30 99.00 99.00 999 9999.0  13.0 999.0 999.0  6.0 99.00
2012 09 28 16 30 320  4.5 99.0  0.30 99.00 99.00 999 9999.0  17.0 999.0 999.0  6.0 99.00
2012 09 28 21 50 180  3.6 99.0  0.30 99.00 99.00 999 9999.0  14.0 999.0 999.0  6.0 99.00
2012 09 29 00 05 235  0.9 99.0  0.30 99.00 99.00 999 9999.0  13.0 999.0 999.0  6.0 99.00
2012 09 29 12 26 310  3.1 99.0  0.00 99.00 99.00 999 9999.0  10.0 999.0 999.0  6.0 99.00
2012 09 30 18 10 125  1.8 99.0  0.30 99.00 99.00 999 9999.0 999.0 999.0 999.0  6.0 99.00
2012 09 30 19 00 130  2.2 99.0  0.30 99.00 99.00 999 9999.0  15.0 999.0 999.0  6.0 99.00
2012 09 30 20 05  90  3.6 99.0  0.30 99.00 99.00 999 9999.0  16.0 999.0 999.0  6.0 99.00
2012 09 30 22 40  80  3.1 99.0  0.60 99.00 99.00 999 9999.0  14.0 999.0 999.0  6.0 99.00
2012 10 01 14 55 170  2.7 99.0  0.00 99.00 99.00 999 9999.0  14.0 999.0 999.0  6.0 99.00
2012 10 01 15 25 180  4.0 99.0 99.00 99.00 99.00 999 9999.0  13.0 999.0 999.0  6.0 99.00
2012 10 01 15 40 180  4.0 99.0  0.20 99.00 99.00 999 9999.0  13.0 999.0 999.0  6.0 99.00
2012 10 01 18 05 180  3.6 99.0  0.20 99.00 99.00 999 9999.0  15.0 999.0 999.0  6.0 99.00
2012 10 01 21 00 190  4.0 99.0  0.30 99.00 99.00 999 9999.0  15.0 999.0 999.0  6.0 99.00
2012 10 02 12 00 320  1.8 99.0  0.30 99.00 99.00 999 9999.0  11.0 999.0 999.0  6.0 99.00
2012 10 02 14 55 340  2.7 99.0  0.30 99.00 99.00 999 9999.0  14.0 999.0 999.0  6.0 99.00
2012 10 02 18 10  60  4.9 99.0  0.30 99.00 99.00 999 9999.0  15.0 999.0 999.0  6.0 99.00
2012 10 03 00 20  50  1.3 99.0  0.60 99.00 99.00 999 1014.1  12.0 999.0 999.0  6.0 99.00
2012 10 03 12 11 330  1.8 99.0 99.00 99.00 99.00 999 1015.1   8.0 999.0 999.0  0.3 99.00
2012 10 03 15 15  70  1.8 99.0  0.00 99.00 99.00 999 1015.8  13.0 999.0 999.0  3.0 99.00
2012 10 03 21 10  60  3.6 99.0  0.30 99.00 99.00 999 1015.1  16.0 999.0 999.0  6.0 99.00
2012 10 04 00 05  90  2.2 99.0 99.00 99.00 99.00 999 1015.1  16.0 999.0 999.0  6.0 99.00
2012 10 04 11 56 180  0.9 99.0  0.00 99.00 99.00 999 1014.1  11.0 999.0 999.0  6.0 99.00
2012 10 04 18 10 200  6.7 99.0  0.90 99.00 99.00 999 1011.1  17.0 999.0 999.0  6.0 99.00
2012 10 04 23 45  26  4.5 99.0  0.60 99.00 99.00 999 1010.7  16.0 999.0 999.0  6.0 99.00
2012 10 05 12 06 270  4.5 99.0  0.30 99.00 99.00 999 1015.8   5.0 999.0 999.0  6.0 99.00
2012 10 05 15 00 290  4.5 99.0  0.90 99.00 99.00 999 1015.1   8.0 999.0 999.0  6.0 99.00
2012 10 05 18 05 270  6.7 99.0  0.30 99.00 99.00 999 1014.1  11.0 999.0 999.0  6.0 99.00
2012 10 05 21 10 270  4.0 99.0  0.60 99.00 99.00 999 1013.1  11.0 999.0 999.0  6.0 99.00
2012 10 06 00 00 290  4.0 99.0  0.60 99.00 99.00 999 1013.4   9.0 999.0 999.0  0.3 99.00
2012 10 06 12 16 330  3.6 99.0  0.30 99.00 99.00 999 1015.1   4.0 999.0 999.0  6.0 99.00
2012 10 06 15 05 310  4.0 99.0  0.30 99.00 99.00 999 1017.2   7.0 999.0 999.0  6.0 99.00
2012 10 06 15 15 320  4.5 99.0  0.30 99.00 99.00 999 1017.2   7.0 999.0 999.0  6.0 99.00
2012 10 06 18 00  10  4.0 99.0  0.30 99.00 99.00 999 1017.2   8.0 999.0 999.0  3.0 99.00
2012 10 06 21 05 320  2.7 99.0  0.30 99.00 99.00 999 9999.0   8.0 999.0 999.0  6.0 99.00
2012 10 06 21 20 320  2.7 99.0  0.30 99.00 99.00 999 1017.8   8.0 999.0 999.0  6.0 99.00
2012 10 07 00 15 360  2.2 99.0  0.30 99.00 99.00 999 1019.5   6.0 999.0 999.0  6.0 99.00
2012 10 07 12 27 290  1.8 99.0  0.30 99.00 99.00 999 1019.9   0.0 999.0 999.0  6.0 99.00
2012 10 07 15 15 300  4.0 99.0 99.00 99.00 99.00 999 1020.9 999.0 999.0 999.0  6.0 99.00
2012 10 07 18 05  32  1.8 99.0  0.30 99.00 99.00 999 1015.8   8.0 999.0 999.0  6.0 99.00
2012 10 07 21 00 340  3.1 99.0  0.60 99.00 99.00 999 1017.5  10.0 999.0 999.0  6.0 99.00
2012 10 08 00 05 240  1.8 99.0  0.30 99.00 99.00 999 1017.2   6.0 999.0 999.0  6.0 99.00
2012 10 08 12 01 210  3.1 99.0  0.30 99.00 99.00 999 1015.8   4.0 999.0 999.0  6.0 99.00
2012 10 08 13 16 210  4.5 99.0  0.60 99.00 99.00 999 1015.8   6.0 999.0 999.0  6.0 99.00
2012 10 08 15 00 180  4.5 99.0  0.60 99.00 99.00 999 1015.8  10.0 999.0 999.0  6.0 99.00
2012 10 08 18 05 180 10.7 99.0  0.60 99.00 99.00 999 1014.1  11.0 999.0 999.0  6.0 99.00
2012 10 08 21 20 200  8.0 99.0  1.80 99.00 99.00 999 1011.4  11.0 999.0 999.0  6.0 99.00
2012 10 09 00 05 180  9.8 99.0 99.00 99.00 99.00 999 1010.4  11.0 999.0 999.0  6.0 99.00
2012 10 09 12 21 180  3.6 99.0  0.60 99.00 99.00 999 1012.4   8.0 999.0 999.0  6.0 99.00
2012 10 09 16 20 190  4.5 99.0  0.90 99.00 99.00 999 1009.0   8.0 999.0 999.0  3.0 99.00
2012 10 09 18 15 190  4.0 99.0  0.90 99.00 99.00 999 1007.3   8.0 999.0 999.0  6.0 99.00
2012 10 10 02 00 230  1.3 99.0  0.30 99.00 99.00 999 1008.7   5.0 999.0 999.0  6.0 99.00
2012 10 10 12 31 270  3.1 99.0  0.60 99.00 99.00 999 1012.4   3.0 999.0 999.0  6.0 99.00
2012 10 10 18 10 330  4.0 99.0  0.30 99.00 99.00 999 1014.8   5.0 999.0 999.0  6.0 99.00
2012 10 11 00 05 240  1.3 99.0  0.30 99.00 99.00 999 1017.5   3.0 999.0 999.0  6.0 99.00
2012 10 11 13 50   5 99.0 99.0  0.90 99.00 99.00 999 1012.1   9.0 999.0 999.0  6.0 99.00
2012 10 11 15 10 270  2.7 99.0  0.60 99.00 99.00 999 1012.8   9.0 999.0 999.0  6.0 99.00
2012 10 11 17 55 320  4.0 99.0  0.60 99.00 99.00 999 1015.1   9.0 999.0 999.0  6.0 99.00
2012 10 11 20 55 305  4.0 99.0  0.60 99.00 99.00 999 1016.8  10.0 999.0 999.0  6.0 99.00
2012 10 12 12 01 305  1.3 99.0  0.30 99.00 99.00 999 1029.7  -1.0 999.0 999.0  6.0 99.00
2012 10 12 15 00  60  4.0 99.0  0.30 99.00 99.00 999 1030.4   6.0 999.0 999.0  6.0 99.00
2012 10 12 17 55 155  4.0 99.0  0.30 99.00 99.00 999 1031.0   7.0 999.0 999.0  6.0 99.00
2012 10 13 00 05 200  4.0 99.0  0.30 99.00 99.00 999 1028.7   6.0 999.0 999.0  6.0 99.00
2012 10 13 21 10 180  4.5 99.0  0.90 99.00 99.00 999 1009.0   8.0 999.0 999.0  3.0 99.00
2012 10 14 12 16  50  5.8 99.0  0.60 99.00 99.00 999 1005.0   9.0 999.0 999.0  1.0 99.00
2012 10 14 15 20 340  4.5 99.0  0.30 99.00 99.00 999 1002.3   9.0 999.0 999.0  6.0 99.00
2012 10 14 18 05  40  3.1 99.0  0.30 99.00 99.00 999  998.2   9.0 999.0 999.0  6.0 99.00
2012 10 14 21 00 300  2.7 99.0  0.30 99.00 99.00 999  998.2   9.0 999.0 999.0  6.0 99.00
2012 10 15 12 26 310  2.7 99.0  0.30 99.00 99.00 999 1007.3   6.0 999.0 999.0  6.0 99.00
2012 10 15 14 56 310  4.5 99.0  0.60 99.00 99.00 999 1010.7   7.0 999.0 999.0  6.0 99.00
2012 10 15 18 05 330  3.6 99.0  0.30 99.00 99.00 999 1012.8   8.0 999.0 999.0  6.0 99.00
2012 10 15 21 10 320  2.2 99.0  0.30 99.00 99.00 999 1012.8   9.0 999.0 999.0 99.0 99.00
2012 10 16 00 15 345  1.3 99.0  0.30 99.00 99.00 999 1013.1   5.0 999.0 999.0  6.0 99.00
2012 10 16 13 10  20  4.9 99.0  1.50 99.00 99.00 999 1010.7   7.0 999.0 999.0  3.0 99.00
2012 10 16 15 10  14 99.0 99.0  1.50 99.00 99.00 999 1009.0   8.0 999.0 999.0  3.0 99.00
2012 10 16 18 05 185  6.7 99.0  0.90 99.00 99.00 999 1007.0   9.0 999.0 999.0  6.0 99.00
2012 10 16 21 00 180  3.6 99.0  0.60 99.00 99.00 999 1004.3   9.0 999.0 999.0  6.0 99.00
2012 10 16 23 55 200  4.0 99.0  0.60 99.00 99.00 999 1002.9   9.0 999.0 999.0  6.0 99.00
2012 10 17 12 01 170  1.8 99.0  0.30 99.00 99.00 999  997.2   8.0 999.0 999.0  6.0 99.00
2012 10 17 18 25 180  5.8 99.0  0.60 99.00 99.00 999  996.2  11.0 999.0 999.0  6.0 99.00
2012 10 17 20 55 180  5.8 99.0  0.60 99.00 99.00 999  995.5  10.0 999.0 999.0  6.0 99.00
2012 10 17 22 50 190  4.0 99.0  0.90 99.00 99.00 999  995.1  10.0 999.0 999.0  6.0 99.00
2012 10 17 23 55 195  6.3 99.0  0.90 99.00 99.00 999  995.1  11.0 999.0 999.0  6.0 99.00
2012 10 18 02 00 100  2.2 99.0  0.30 99.00 99.00 999  995.5   8.0 999.0 999.0  6.0 99.00
2012 10 19 00 05 200  4.0 99.0  0.30 99.00 99.00 999  997.5   7.0 999.0 999.0  6.0 99.00
2012 10 19 11 56 125  5.4 99.0  0.60 99.00 99.00 999  999.5   8.0 999.0 999.0  6.0 99.00
2012 10 19 15 20 130  4.5 99.0  1.20 99.00 99.00 999 1000.6   8.0 999.0 999.0  6.0 99.00
2012 10 19 18 50 350  1.3 99.0  1.20 99.00 99.00 999 1000.9   8.0 999.0 999.0  3.0 99.00
2012 10 19 21 05  35  2.2 99.0  0.90 99.00 99.00 999 1014.1   9.0 999.0 999.0  6.0 99.00
2012 10 20 00 10 350  2.2 99.0 99.00 99.00 99.00 999 1001.6   7.0 999.0 999.0  3.0 99.00
2012 10 20 12 22 260  0.9 99.0  0.30 99.00 99.00 999 1002.3   8.0 999.0 999.0  3.0 99.00
2012 10 20 15 05 290  2.7 99.0  0.30 99.00 99.00 999 1006.0   9.0 999.0 999.0  3.0 99.00
2012 10 20 18 00 315  4.9 99.0  0.30 99.00 99.00 999 1007.3  12.0 999.0 999.0  6.0 99.00
2012 10 20 21 00 180  4.0 99.0  0.30 99.00 99.00 999 1008.0 999.0 999.0 999.0  6.0 99.00
2012 10 20 23 55 235  2.2 99.0  0.30 99.00 99.00 999 1009.0   8.0 999.0 999.0  6.0 99.00
2012 10 21 12 26 240  1.3 99.0  0.30 99.00 99.00 999 1014.4   3.0 999.0 999.0  1.0 99.00
2012 10 21 15 25 160  2.7 99.0  0.30 99.00 99.00 999 1015.8   9.0 999.0 999.0  3.0 99.00
2012 10 21 18 05 185  5.4 99.0  0.60 99.00 99.00 999 1015.8   9.0 999.0 999.0  6.0 99.00
2012 10 22 00 00 200  4.5 99.0 99.00 99.00 99.00 999 1015.8   9.0 999.0 999.0  3.0 99.00
2012 10 22 15 00  50  1.3 99.0  0.30 99.00 99.00 999 1015.8  11.0 999.0 999.0  6.0 99.00
2012 10 23 15 35  55  2.7 99.0  0.30 99.00 99.00 999 1014.4  12.0 999.0 999.0  1.0 99.00
2012 10 23 16 20 125  2.7 99.0 99.00 99.00 99.00 999 1014.4  11.0 999.0 999.0  0.3 99.00
2012 10 23 17 55 135  3.6 99.0 99.00 99.00 99.00 999 1014.4  12.0 999.0 999.0  0.3 99.00
2012 10 23 20 55  80  3.6 99.0 99.00 99.00 99.00 999 1013.1  12.0 999.0 999.0  0.3 99.00
2012 10 24 12 00 180  2.2 99.0 99.00 99.00 99.00 999 1013.1  11.0 999.0 999.0  0.3 99.00
2012 10 24 13 22 180  4.5 99.0  0.60 99.00 99.00 999 1014.1  11.0 999.0 999.0  0.3 99.00
2012 10 24 15 15 180  4.5 99.0  0.60 99.00 99.00 999 1013.4  11.0 999.0 999.0  0.3 99.00
2012 10 24 18 05 160  2.2 99.0 99.00 99.00 99.00 999 1013.1  12.0 999.0 999.0  0.3 99.00
2012 10 24 21 00 160  4.5 99.0 99.00 99.00 99.00 999 1012.1  12.0 999.0 999.0  0.3 99.00
2012 10 25 12 36 200  6.7 99.0  0.90 99.00 99.00 999 1005.3  12.0 999.0 999.0  6.0 99.00
2012 10 25 15 06 200  7.6 99.0 99.00 99.00 99.00 999 1004.3  13.0 999.0 999.0  6.0 99.00
2012 10 25 15 10 200  7.6 99.0  0.90 99.00 99.00 999 1004.3  13.0 999.0 999.0  6.0 99.00
2012 10 25 18 00 185  7.6 99.0  1.20 99.00 99.00 999 1002.3  13.0 999.0 999.0  3.0 99.00
2012 10 25 21 00 180  9.8 99.0  1.20 99.00 99.00 999 1000.9  13.0 999.0 999.0  3.0 99.00
2012 10 25 22 25 200  8.9 99.0  1.50 99.00 99.00 999 9999.0  13.0 999.0 999.0  3.0 99.00
2012 10 26 18 00 290  3.6 99.0  0.30 99.00 99.00 999 9999.0   8.0 999.0 999.0  6.0 99.00
2012 10 26 20 50 290  4.0 99.0  0.30 99.00 99.00 999 9999.0   6.0 999.0 999.0  3.0 99.00
2012 10 26 23 25 290  1.3 99.0  0.30 99.00 99.00 999 9999.0   3.0 999.0 999.0  6.0 99.00
2012 10 27 00 05  29  2.2 99.0  0.00 99.00 99.00 999 9999.0   3.0 999.0 999.0  6.0 99.00
2012 10 27 12 10 310  1.8 99.0  0.30 99.00 99.00 999 9999.0   0.0 999.0 999.0  6.0 99.00
2012 10 27 17 55 310  4.5 99.0 99.00 99.00 99.00 999 9999.0   6.0 999.0 999.0  6.0 99.00
2012 10 27 20 50 310  3.1 99.0 99.00 99.00 99.00 999 9999.0   6.0 999.0 999.0  6.0 99.00
2012 10 27 23 45 345  1.3 99.0  0.00 99.00 99.00 999 9999.0   2.0 999.0 999.0  6.0 99.00
2012 10 28 02 05 355  2.2 99.0 99.00 99.00 99.00 999 9999.0   1.0 999.0 999.0  1.0 99.00
2012 10 28 13 00 350  2.2 99.0  0.30 99.00 99.00 999 9999.0   2.0 999.0 999.0  6.0 99.00
2012 10 28 14 50 360  1.8 99.0  0.30 99.00 99.00 999 9999.0   6.0 999.0 999.0  6.0 99.00
2012 10 28 17 35  60  5.8 99.0  0.60 99.00 99.00 999 9999.0   7.0 999.0 999.0  6.0 99.00
2012 10 28 18 15  50  6.3 99.0  0.30 99.00 99.00 999 9999.0   7.0 999.0 999.0  6.0 99.00
2012 10 28 21 00 330  3.6 99.0  0.30 99.00 99.00 999 9999.0   8.0 999.0 999.0  6.0 99.00
2012 10 29 01 20 330  1.8 99.0  0.30 99.00 99.00 999 9999.0   1.0 999.0 999.0  1.0 99.00
2012 10 29 11 30 305  1.3 99.0  0.30 99.00 99.00 999 1026.6   0.0 999.0 999.0  6.0 99.00
2012 10 29 12 01 318  2.2 99.0  0.00 99.00 99.00 999 1026.6 999.0 999.0 999.0  6.0 99.00
2012 10 29 15 00 330  3.1 99.0  0.30 99.00 99.00 999 1027.0   7.0 999.0 999.0  6.0 99.00
2012 10 29 21 10  30  6.3 99.0  0.60 99.00 99.00 999 1024.3   7.0 999.0 999.0  6.0 99.00
2012 10 29 23 55  30  4.5 99.0  0.60 99.00 99.00 999 1023.9   6.0 999.0 999.0  6.0 99.00
2012 10 30 12 01 350  4.5 99.0 99.00 99.00 99.00 999 1015.8   4.0 999.0 999.0  6.0 99.00
2012 10 30 14 55  31  4.5 99.0 99.00 99.00 99.00 999 1015.1   4.0 999.0 999.0  6.0 99.00
2012 10 30 18 05 345  8.0 99.0  2.40 99.00 99.00 999 1011.4   5.0 999.0 999.0  6.0 99.00
2012 10 30 21 05 360  6.7 99.0  1.50 99.00 99.00 999 1010.4   4.0 999.0 999.0  6.0 99.00
2012 10 31 00 00 360  6.7 99.0  1.20 99.00 99.00 999 1010.7   4.0 999.0 999.0  6.0 99.00
2012 10 31 12 26 350  6.7 99.0  1.20 99.00 99.00 999 1007.7   3.0 999.0 999.0  6.0 99.00
2012 10 31 14 55   0  2.7 99.0  1.20 99.00 99.00 999 1010.7   4.0 999.0 999.0  6.0 99.00
2012 10 31 17 50 310  3.6 99.0  0.30 99.00 99.00 999 1007.7   6.0 999.0 999.0  6.0 99.00
2012 10 31 20 50 320  4.5 99.0  0.30 99.00 99.00 999 1008.4   7.0 999.0 999.0  6.0 99.00
2012 10 31 23 45 340  4.0 99.0  0.60 99.00 99.00 999 1008.7   5.0 999.0 999.0  6.0 99.00
2012 11 01 11 50 310  4.5 99.0  0.60 99.00 99.00 999 1009.0   2.0 999.0 999.0  3.0 99.00
2012 11 01 14 50 330  6.3 99.0  0.60 99.00 99.00 999 1009.4   4.0 999.0 999.0  6.0 99.00
2012 11 01 17 50 345  4.5 99.0  0.60 99.00 99.00 999 1008.7   7.0 999.0 999.0  6.0 99.00
2012 11 01 19 05 315  4.5 99.0  0.30 99.00 99.00 999 1008.7   8.0 999.0 999.0  6.0 99.00
2012 11 01 20 55 325  4.5 99.0  0.30 99.00 99.00 999 1009.0   7.0 999.0 999.0  6.0 99.00
2012 11 01 22 50 320  4.5 99.0  0.30 99.00 99.00 999 1009.0   6.0 999.0 999.0  6.0 99.00
2012 11 01 23 50   0  2.7 99.0  0.30 99.00 99.00 999 1009.7   5.0 999.0 999.0  6.0 99.00
2012 11 02 11 56  34  3.6 99.0 99.00 99.00 99.00 999 1015.8   2.0 999.0 999.0  0.3 99.00
2012 11 02 14 55 270  4.0 99.0  0.60 99.00 99.00 999 1018.5   3.0 999.0 999.0  6.0 99.00
2012 11 02 18 00 360  4.0 99.0  0.30 99.00 99.00 999 1019.2   3.0 999.0 999.0  6.0 99.00
2012 11 02 21 55  15  3.6 99.0  0.60 99.00 99.00 999 1019.2   3.0 999.0 999.0  6.0 99.00
2012 11 03 00 00 310  2.2 99.0  0.90 99.00 99.00 999 9999.0   0.0 999.0 999.0  1.0 99.00
2012 11 03 12 00 350  1.8 99.0  0.30 99.00 99.00 999 1022.9   0.0 999.0 999.0  6.0 99.00
2012 11 03 15 00 340  2.7 99.0  0.30 99.00 99.00 999 1023.9   2.0 999.0 999.0  6.0 99.00
2012 11 03 18 05 310  2.7 99.0  0.30 99.00 99.00 999 1023.9   4.0 999.0 999.0  6.0 99.00
2012 11 03 20 55 290  1.8 99.0  0.30 99.00 99.00 999 1023.9   3.0 999.0 999.0  6.0 99.00
2012 11 04 00 00  15  1.3 99.0  0.60 99.00 99.00 999 1023.6   3.0 999.0 999.0  6.0 99.00
2012 11 04 14 01 360  1.3 99.0  0.30 99.00 99.00 999 1024.3   2.0 999.0 999.0  3.0 99.00
2012 11 04 16 05 360  4.0 99.0  0.60 99.00 99.00 999 1024.3   3.0 999.0 999.0  6.0 99.00
2012 11 04 19 00 340  1.8 99.0 99.00 99.00 99.00 999 1024.6   3.0 999.0 999.0  3.0 99.00
2012 11 04 22 00 360  1.8 99.0 99.00 99.00 99.00 999 1023.9   3.0 999.0 999.0  3.0 99.00
2012 11 05 01 00  10  3.1 99.0  0.60 99.00 99.00 999 1023.6   2.0 999.0 999.0  0.5 99.00
2012 11 05 13 21 350  1.8 99.0  0.30 99.00 99.00 999 1023.9   1.0 999.0 999.0  6.0 99.00
2012 11 05 15 01 320  1.8 99.0 99.00 99.00 99.00 999 1024.3   2.0 999.0 999.0  6.0 99.00
2012 11 05 16 00  32  2.2 99.0  0.30 99.00 99.00 999 1024.3   3.0 999.0 999.0  6.0 99.00
2012 11 05 18 50  60  2.7 99.0  0.60 99.00 99.00 999 1023.2   3.0 999.0 999.0  6.0 99.00
2012 11 05 19 05  70  3.6 99.0  0.30 99.00 99.00 999 1022.9   3.0 999.0 999.0  6.0 99.00
2012 11 05 21 25 310  1.3 99.0  0.30 99.00 99.00 999 1022.6   3.0 999.0 999.0  6.0 99.00
2012 11 05 21 55 360  1.8 99.0  0.30 99.00 99.00 999 1022.6   2.0 999.0 999.0  6.0 99.00
2012 11 06 00 50   5  0.9 99.0  0.30 99.00 99.00 999 1022.6   2.0 999.0 999.0 99.0 99.00
2012 11 06 12 55  31  2.2 99.0  0.00 99.00 99.00 999 1017.5   1.0 999.0 999.0  6.0 99.00
2012 11 06 15 55 240  2.7 99.0  0.60 99.00 99.00 999 1015.5   3.0 999.0 999.0  6.0 99.00
2012 11 06 18 55 190  6.7 99.0  0.90 99.00 99.00 999 1015.5   6.0 999.0 999.0  6.0 99.00
2012 11 06 20 00 215  4.5 99.0  0.90 99.00 99.00 999 1013.1   6.0 999.0 999.0  6.0 99.00
2012 11 06 22 00 205  5.8 99.0  0.90 99.00 99.00 999 1012.4   6.0 999.0 999.0  6.0 99.00
2012 11 07 00 55 180  7.6 99.0  0.90 99.00 99.00 999 1013.1   6.0 999.0 999.0  6.0 99.00
2012 11 07 13 01 170  4.5 99.0  0.30 99.00 99.00 999 9999.0   6.0 999.0 999.0  6.0 99.00
2012 11 07 14 51 160  5.4 99.0  0.60 99.00 99.00 999 1019.2   6.0 999.0 999.0  6.0 99.00
2012 11 07 16 40 180  4.5 99.0  0.60 99.00 99.00 999 1049.7   5.0 999.0 999.0  3.0 99.00
2012 11 07 19 05 200  3.6 99.0  1.20 99.00 99.00 999 9999.0   6.0 999.0 999.0  6.0 99.00
2012 11 07 21 55 240  1.8 99.0  0.90 99.00 99.00 999 9999.0   6.0 999.0 999.0  6.0 99.00
2012 11 08 01 05 260  0.9 99.0  0.60 99.00 99.00 999 9999.0   4.0 999.0 999.0  6.0 99.00
2012 11 08 12 45 200  1.8 99.0  0.30 99.00 99.00 999 9999.0   2.0 999.0 999.0  6.0 99.00
2012 11 08 16 00 240  3.6 99.0  0.30 99.00 99.00 999 9999.0   6.0 999.0 999.0  6.0 99.00
2012 11 08 19 05 230  3.6 99.0  0.30 99.00 99.00 999 9999.0   7.0 999.0 999.0  6.0 99.00
2012 11 09 00 55 220  4.5 99.0 99.00 99.00 99.00 999 9999.0   4.0 999.0 999.0  3.0 99.00
2012 11 09 13 11 360  1.3 99.0  0.60 99.00 99.00 999 9999.0   6.0 999.0 999.0  6.0 99.00
2012 11 09 15 40  70  2.7 99.0  0.30 99.00 99.00 999 9999.0   8.0 999.0 999.0  3.0 99.00
2012 11 09 18 55  70  4.5 99.0  0.30 99.00 99.00 999 9999.0   8.0 999.0 999.0  6.0 99.00
2012 11 09 21 55  60  4.5 99.0  0.30 99.00 99.00 999 9999.0   8.0 999.0 999.0  6.0 99.00
2012 11 10 01 10  50  4.5 99.0  0.30 99.00 99.00 999 9999.0   7.0 999.0 999.0  6.0 99.00
2012 11 10 13 00 130  5.8 99.0  0.30 99.00 99.00 999 9999.0   8.0 999.0 999.0  6.0 99.00
2012 11 10 14 50 120  7.6 99.0  0.60 99.00 99.00 999 9999.0   8.0 999.0 999.0  6.0 99.00
2012 11 10 15 55 120  7.6 99.0  0.60 99.00 99.00 999 9999.0   8.0 999.0 999.0  6.0 99.00
2012 11 10 17 50 130  8.0 99.0 99.00 99.00 99.00 999 9999.0   9.0 999.0 999.0 99.0 99.00
2012 11 10 19 00 130  6.7 99.0  0.60 99.00 99.00 999 9999.0   9.0 999.0 999.0  6.0 99.00
2012 11 10 21 50 160  6.7 99.0  0.60 99.00 99.00 999 9999.0  10.0 999.0 999.0  6.0 99.00
2012 11 11 00 55 180  4.5 99.0  1.20 99.00 99.00 999 9999.0  10.0 999.0 999.0  6.0 99.00
2012 11 11 13 00 190  6.3 99.0  0.90 99.00 99.00 999 9999.0  11.0 999.0 999.0  6.0 99.00
2012 11 11 15 50 180  8.9 99.0  0.90 99.00 99.00 999 9999.0  11.0 999.0 999.0  6.0 99.00
2012 11 11 18 50 180  8.9 99.0  1.50 99.00 99.00 999 9999.0  11.0 999.0 999.0  6.0 99.00
2012 11 11 21 50 180  8.5 99.0  1.20 99.00 99.00 999 9999.0  11.0 999.0 999.0  6.0 99.00
2012 11 12 00 50 250  1.3 99.0  1.50 99.00 99.00 999 9999.0  11.0 999.0 999.0  1.0 99.00
2012 11 12 12 51 250  3.1 99.0  0.60 99.00 99.00 999 9999.0 999.0 999.0 999.0  6.0 99.00
2012 11 12 15 56 250  4.0 99.0  0.60 99.00 99.00 999 9999.0 999.0 999.0 999.0  6.0 99.00
2012 11 12 18 55 295  2.7 99.0  0.60 99.00 99.00 999 9999.0 999.0 999.0 999.0  6.0 99.00
2012 11 12 22 05 280  4.5 99.0  0.60 99.00 99.00 999 9999.0 999.0 999.0 999.0  3.0 99.00
2012 11 13 01 05 310  3.6 99.0  0.90 99.00 99.00 999 1019.2  -3.0 999.0 999.0  6.0 99.00
2012 11 13 13 01 290  4.5 99.0 99.00 99.00 99.00 999 1027.0  -4.0 999.0 999.0  3.0 99.00
2012 11 13 16 10 270  3.1 99.0  0.30 99.00 99.00 999 1030.0  -1.0 999.0 999.0  6.0 99.00
2012 11 13 19 05 180  2.7 99.0  0.60 99.00 99.00 999 1029.3   2.0 999.0 999.0  6.0 99.00
2012 11 13 21 55 190  2.2 99.0 99.00 99.00 99.00 999 1029.3   2.0 999.0 999.0  3.0 99.00
2012 11 14 01 00 220  2.2 99.0  0.60 99.00 99.00 999 1030.0  -1.0 999.0 999.0  6.0 99.00
2012 11 14 12 55 230  2.2 99.0  0.30 99.00 99.00 999 1030.7   2.0 999.0 999.0  6.0 99.00
2012 11 14 16 25 190  6.7 99.0  0.90 99.00 99.00 999 1029.7   6.0 999.0 999.0  6.0 99.00
2012 11 14 18 55 190  9.4 99.0  1.20 99.00 99.00 999 1029.3   6.0 999.0 999.0  6.0 99.00
2012 11 14 19 55 205  8.5 99.0  0.90 99.00 99.00 999 1028.3   6.0 999.0 999.0  6.0 99.00
2012 11 14 21 55 190  8.0 99.0  1.20 99.00 99.00 999 1028.0   6.0 999.0 999.0  6.0 99.00
2012 11 15 01 00 190 11.2 99.0  0.90 99.00 99.00 999 1028.7   6.0 999.0 999.0  0.3 99.00
2012 11 15 03 40 200  7.6 99.0  0.90 99.00 99.00 999 9999.0   6.0 999.0 999.0  6.0 99.00
2012 11 15 13 56 200  5.8 99.0  0.90 99.00 99.00 999 1025.6   4.0 999.0 999.0  6.0 99.00
2012 11 15 15 55 200  4.5 99.0  0.60 99.00 99.00 999 9999.0   5.0 999.0 999.0  6.0 99.00
2012 11 15 18 55 180  7.2 99.0  0.60 99.00 99.00 999 1025.3   6.0 999.0 999.0  6.0 99.00
2012 11 15 21 55 210  4.5 99.0  0.90 99.00 99.00 999 1024.3   6.0 999.0 999.0  6.0 99.00
2012 11 16 00 55 215  3.6 99.0  0.60 99.00 99.00 999 1025.3   5.0 999.0 999.0  6.0 99.00
2012 11 16 12 50 360  2.2 99.0  0.30 99.00 99.00 999 1031.0   0.0 999.0 999.0  6.0 99.00
2012 11 16 16 05  60  4.5 99.0  0.60 99.00 99.00 999 1033.4   4.0 999.0 999.0  6.0 99.00
2012 11 16 19 35  11 26.8 99.0  0.30 99.00 99.00 999 1033.4   4.0 999.0 999.0  6.0 99.00
2012 11 16 23 30  60  2.7 99.0  0.60 99.00 99.00 999 1032.7   4.0 999.0 999.0  6.0 99.00
2012 11 17 01 00 350  1.8 99.0 99.00 99.00 99.00 999 1032.1  -1.0 999.0 999.0  6.0 99.00
2012 11 17 13 16 250  1.3 99.0  0.30 99.00 99.00 999 1032.4  -2.0 999.0 999.0  6.0 99.00
2012 11 17 16 35 190  4.5 99.0  0.60 99.00 99.00 999 1032.7   5.0 999.0 999.0  6.0 99.00
2012 11 17 19 50 180  4.5 99.0  0.60 99.00 99.00 999 1031.4 999.0 999.0 999.0  6.0 99.00
2012 11 17 22 10 190  4.5 99.0  0.90 99.00 99.00 999 9999.0   7.0 999.0 999.0  3.0 99.00
2012 11 18 01 05 180  4.5 99.0  0.60 99.00 99.00 999 1030.7   7.0 999.0 999.0  0.3 99.00
2012 11 18 13 21 180  1.3 99.0  0.60 99.00 99.00 999 1030.0   4.0 999.0 999.0  6.0 99.00
2012 11 18 16 15 180  5.4 99.0  0.30 99.00 99.00 999 1030.0   8.0 999.0 999.0  6.0 99.00
2012 11 18 18 55 170  4.9 99.0  0.60 99.00 99.00 999 1028.0   8.0 999.0 999.0  6.0 99.00
2012 11 18 22 00 190  6.7 99.0  0.60 99.00 99.00 999 1028.3   7.0 999.0 999.0  6.0 99.00
2012 11 19 00 55 195  3.6 99.0 99.00 99.00 99.00 999 1027.3   7.0 999.0 999.0  6.0 99.00
2012 11 19 18 35 200  5.8 99.0  0.60 99.00 99.00 999 1022.6   8.0 999.0 999.0  6.0 99.00
2012 11 19 21 55 170  3.6 99.0  0.30 99.00 99.00 999 1022.6   7.0 999.0 999.0  6.0 99.00
2012 11 20 00 50 190  4.5 99.0 99.00 99.00 99.00 999 1021.2   7.0 999.0 999.0  6.0 99.00
2012 11 20 03 55 195  3.6 99.0  0.60 99.00 99.00 999 1019.9   7.0 999.0 999.0  6.0 99.00
2012 11 20 12 55 120  1.3 99.0 99.00 99.00 99.00 999 1018.8   7.0 999.0 999.0  0.3 99.00
2012 11 20 15 50 320  1.8 99.0  0.00 99.00 99.00 999 1018.8   9.0 999.0 999.0  1.0 99.00
2012 11 20 18 50 999  0.0 99.0 99.00 99.00 99.00 999 1019.2   9.0 999.0 999.0  0.5 99.00
2012 11 20 22 05 250  0.9 99.0  0.30 99.00 99.00 999 9999.0   7.0 999.0 999.0  6.0 99.00
2012 11 21 00 55 240  0.9 99.0  0.30 99.00 99.00 999 9999.0   3.0 999.0 999.0  6.0 99.00
2012 11 21 12 46 210  2.7 99.0 99.00 99.00 99.00 999 1020.9   4.0 999.0 999.0  0.3 99.00
2012 11 21 16 26 180  4.5 99.0  0.60 99.00 99.00 999 1020.2   5.0 999.0 999.0  0.3 99.00
2012 11 21 18 55 190  6.7 99.0  0.60 99.00 99.00 999 1018.5   8.0 999.0 999.0  3.0 99.00
2012 11 21 22 10 190  8.9 99.0  0.90 99.00 99.00 999 1015.8   7.0 999.0 999.0  0.5 99.00
2012 11 22 01 05 180  5.4 99.0  0.60 99.00 99.00 999 1015.1   8.0 999.0 999.0  6.0 99.00
2012 11 22 13 21 190  8.9 99.0  0.90 99.00 99.00 999 1010.7   7.0 999.0 999.0  6.0 99.00
2012 11 22 19 40 180  6.7 99.0  0.90 99.00 99.00 999 1005.0   9.0 999.0 999.0  6.0 99.00
2012 11 23 01 00 190  4.5 99.0 99.00 99.00 99.00 999 1003.3   8.0 999.0 999.0  1.0 99.00
2012 11 23 13 16 330  6.7 99.0  0.30 99.00 99.00 999 1006.0  -2.0 999.0 999.0  6.0 99.00
2012 11 23 18 50 310  9.8 99.0  2.10 99.00 99.00 999 1010.7   1.0 999.0 999.0  6.0 99.00
2012 11 23 22 00 320  8.9 99.0  0.60 99.00 99.00 999 1015.8  -1.0 999.0 999.0  6.0 99.00
2012 11 24 00 55  30  6.3 99.0  0.60 99.00 99.00 999 1017.5  -2.0 999.0 999.0  6.0 99.00
2012 11 24 04 00 355  6.7 99.0  0.90 99.00 99.00 999 1018.8  -2.0 999.0 999.0  6.0 99.00
2012 11 24 13 00 310  4.5 99.0  0.00 99.00 99.00 999 1021.9  -5.0 999.0 999.0  6.0 99.00
2012 11 24 13 55 300  4.9 99.0  0.00 99.00 99.00 999 1022.2  -4.0 999.0 999.0  6.0 99.00
2012 11 24 15 55 330  4.9 99.0  0.00 99.00 99.00 999 1022.6  -3.0 999.0 999.0  6.0 99.00
2012 11 24 18 45 280  2.7 99.0  0.30 99.00 99.00 999 1020.5  -2.0 999.0 999.0  6.0 99.00
2012 11 24 22 00 240  1.3 99.0  0.00 99.00 99.00 999 9999.0  -3.0 999.0 999.0  6.0 99.00
2012 11 25 00 55 260  2.2 99.0  0.00 99.00 99.00 999 1032.7  -4.0 999.0 999.0  6.0 99.00
2012 11 25 13 27 285  1.8 99.0  0.30 99.00 99.00 999 9999.0  -3.0 999.0 999.0  3.0 99.00
2012 11 25 15 50 288  4.5 99.0  0.30 99.00 99.00 999 9999.0  -2.0 999.0 999.0  6.0 99.00
2012 11 25 18 55 310  3.1 99.0  0.30 99.00 99.00 999 9999.0  -1.0 999.0 999.0  6.0 99.00
2012 11 25 19 15 285  1.8 99.0  0.30 99.00 99.00 999 9999.0  -3.0 999.0 999.0 99.0 99.00
2012 11 25 21 55 325  4.5 99.0  0.30 99.00 99.00 999 1011.7   0.0 999.0 999.0  6.0 99.00
2012 11 26 00 55 320  4.5 99.0 99.00 99.00 99.00 999 1014.1  -2.0 999.0 999.0  0.3 99.00
2012 11 26 12 55 310  1.8 99.0  0.00 99.00 99.00 999 1020.2  -3.0 999.0 999.0  6.0 99.00
2012 11 26 16 35 340  4.5 99.0 99.00 99.00 99.00 999 1022.6  -2.0 999.0 999.0  3.0 99.00
2012 11 26 19 20 345  4.5 99.0  0.30 99.00 99.00 999 1023.6  -3.0 999.0 999.0  6.0 99.00
2012 11 26 22 05 330  2.2 99.0  0.00 99.00 99.00 999 1023.9  -4.0 999.0 999.0  6.0 99.00
2012 11 27 13 51 180  3.6 99.0  0.00 99.00 99.00 999 1026.3 -11.0 999.0 999.0  6.0 99.00
2012 11 27 17 01 190  2.7 99.0 99.00 99.00 99.00 999 1025.6  -5.0 999.0 999.0  3.0 99.00
2012 11 27 19 05 230  2.7 99.0  0.60 99.00 99.00 999 1022.6  -2.0 999.0 999.0  3.0 99.00
2012 11 27 22 00 210  4.5 99.0  0.60 99.00 99.00 999 1021.9  -2.0 999.0 999.0  6.0 99.00
2012 11 28 00 55 190  2.2 99.0  0.00 99.00 99.00 999 1019.5  -2.0 999.0 999.0  6.0 99.00
2012 11 28 13 00 290  3.6 99.0  0.00 99.00 99.00 999 1022.9  -3.0 999.0 999.0  6.0 99.00
2012 11 28 15 55 290  4.5 99.0  0.30 99.00 99.00 999 1024.3  -2.0 999.0 999.0  6.0 99.00
2012 11 28 18 40 270  4.5 99.0  0.30 99.00 99.00 999 1024.3  -1.0 999.0 999.0  6.0 99.00
2012 11 28 21 35 300  2.2 99.0  0.00 99.00 99.00 999 1024.3  -1.0 999.0 999.0  6.0 99.00
2012 11 29 00 55 265  2.2 99.0  0.60 99.00 99.00 999 1022.6  -3.0 999.0 999.0  6.0 99.00
2012 11 29 12 55 350  0.9 99.0  0.30 99.00 99.00 999 1020.9   0.0 999.0 999.0  6.0 99.00
2012 11 29 15 45  80  2.2 99.0  0.30 99.00 99.00 999 1021.9   2.0 999.0 999.0  6.0 99.00
2012 11 29 18 55  45  4.5 99.0  0.60 99.00 99.00 999 1031.0   3.0 999.0 999.0  6.0 99.00
2012 11 29 21 50 360  2.7 99.0  0.00 99.00 99.00 999 1020.9   1.0 999.0 999.0  6.0 99.00
2012 11 30 00 50  90  1.8 99.0  0.30 99.00 99.00 999 1022.6   0.0 999.0 999.0  6.0 99.00
2012 11 30 13 00  60  6.3 99.0  0.90 99.00 99.00 999 1022.9   2.0 999.0 999.0  6.0 99.00
2012 11 30 16 00  70  6.7 99.0  1.80 99.00 99.00 999 1024.3 999.0 999.0 999.0  3.0 99.00
2012 11 30 18 55  90  6.7 99.0  0.30 99.00 99.00 999 1022.9   2.0 999.0 999.0  6.0 99.00
2012 11 30 21 55  70  5.4 99.0  0.90 99.00 99.00 999 1023.9   2.0 999.0 999.0  6.0 99.00
2012 12 01 01 00  90  4.5 99.0  0.60 99.00 99.00 999 1024.3 999.0 999.0 999.0  6.0 99.00
2012 12 01 13 00 160  6.7 99.0  1.80 99.00 99.00 999 1024.3   3.0 999.0 999.0  3.0 99.00
2012 12 01 15 00 180  7.6 99.0  1.80 99.00 99.00 999 1019.2   3.0 999.0 999.0  3.0 99.00
2012 12 01 16 45 180  7.6 99.0  1.80 99.00 99.00 999 1019.2   3.0 999.0 999.0  3.0 99.00
2012 12 01 19 05 170  5.8 99.0  0.60 99.00 99.00 999 1014.8   4.0 999.0 999.0  1.0 99.00
2012 12 02 01 00 210  5.4 99.0  0.90 99.00 99.00 999 1010.7   6.0 999.0 999.0  6.0 99.00
2012 12 02 13 00 315  1.3 99.0  0.30 99.00 99.00 999 1011.1   7.0 999.0 999.0  6.0 99.00
2012 12 02 16 00 315  3.1 99.0  0.60 99.00 99.00 999 1013.8   7.0 999.0 999.0  6.0 99.00
2012 12 02 19 05 320  2.2 99.0  0.90 99.00 99.00 999 1015.1   6.0 999.0 999.0  6.0 99.00
2012 12 02 21 55 340  0.9 99.0  0.30 99.00 99.00 999 1016.1   6.0 999.0 999.0  6.0 99.00
2012 12 03 01 15 180  2.2 99.0  0.30 99.00 99.00 999 1017.8   4.0 999.0 999.0  6.0 99.00
2012 12 03 15 50 170  4.5 99.0  0.60 99.00 99.00 999 1012.4   6.0 999.0 999.0  6.0 99.00
2012 12 03 18 45 190  6.3 99.0  0.60 99.00 99.00 999 1008.4   7.0 999.0 999.0  0.3 99.00
2012 12 03 21 55 180  7.2 99.0  1.20 99.00 99.00 999 1005.6   8.0 999.0 999.0  0.3 99.00
2012 12 04 00 45 180  8.9 99.0  1.20 99.00 99.00 999 1005.6   8.0 999.0 999.0  0.3 99.00
2012 12 04 12 50 305  2.2 99.0  0.30 99.00 99.00 999 1011.4   5.0 999.0 999.0  6.0 99.00
2012 12 04 15 50 250  4.0 99.0  0.30 99.00 99.00 999 1013.8   6.0 999.0 999.0  6.0 99.00
2012 12 04 18 45 223  4.5 99.0  0.30 99.00 99.00 999 1013.4   8.0 999.0 999.0  6.0 99.00
2012 12 04 21 45 290  4.5 99.0  0.30 99.00 99.00 999 1015.8   5.0 999.0 999.0  6.0 99.00
2012 12 05 01 00 335  2.7 99.0 99.00 99.00 99.00 999 1021.2   0.0 999.0 999.0  1.0 99.00
2012 12 05 13 50 350  2.2 99.0  0.30 99.00 99.00 999 9999.0  -3.0 999.0 999.0  6.0 99.00
2012 12 05 19 00  70  2.2 99.0  0.30 99.00 99.00 999 1029.7  -1.0 999.0 999.0  6.0 99.00
2012 12 05 22 00 190  1.8 99.0  0.30 99.00 99.00 999 1026.0  -1.0 999.0 999.0  6.0 99.00
2012 12 06 01 05 150  4.5 99.0  0.60 99.00 99.00 999 1026.0   1.0 999.0 999.0  0.5 99.00
2012 12 06 13 30 190 11.2 99.0  1.50 99.00 99.00 999 1016.1   4.0 999.0 999.0  6.0 99.00
2012 12 06 16 10 180 11.2 99.0  2.40 99.00 99.00 999 1014.1   4.0 999.0 999.0  3.0 99.00
2012 12 06 19 05 180 11.2 99.0  1.80 99.00 99.00 999 1012.1   4.0 999.0 999.0  6.0 99.00
2012 12 06 22 00 190  5.4 99.0  1.50 99.00 99.00 999 1010.7   4.0 999.0 999.0  6.0 99.00
2012 12 07 00 50 210  2.2 99.0  1.20 99.00 99.00 999 1010.7   4.0 999.0 999.0  6.0 99.00
2012 12 07 15 50 330  4.0 99.0  0.30 99.00 99.00 999 1015.8   2.0 999.0 999.0  6.0 99.00
2012 12 07 19 00  50  2.7 99.0  0.00 99.00 99.00 999 1012.4   3.0 999.0 999.0  6.0 99.00
2012 12 07 21 50 340  1.3 99.0  0.30 99.00 99.00 999 1015.1   1.0 999.0 999.0  6.0 99.00
2012 12 08 00 55  10  2.2 99.0  0.60 99.00 99.00 999 1015.8   1.0 999.0 999.0  6.0 99.00
2012 12 08 12 45 350  2.2 99.0  0.30 99.00 99.00 999 1015.8  -1.0 999.0 999.0  6.0 99.00
2012 12 08 15 50 260  4.0 99.0  0.30 99.00 99.00 999 1016.5   1.0 999.0 999.0  6.0 99.00
2012 12 08 18 40 310  2.7 99.0  0.30 99.00 99.00 999 1019.2   2.0 999.0 999.0  6.0 99.00
2012 12 08 21 35  30  2.2 99.0  0.30 99.00 99.00 999 1019.2   1.0 999.0 999.0  6.0 99.00
2012 12 09 12 55  90  7.6 99.0  0.00 99.00 99.00 999 1021.2   1.0 999.0 999.0  6.0 99.00
2012 12 09 15 50  90  8.0 99.0  0.90 99.00 99.00 999 1019.2   1.0 999.0 999.0  6.0 99.00
2012 12 09 18 55  90  8.9 99.0  1.50 99.00 99.00 999 1026.0   1.0 999.0 999.0  3.0 99.00
2012 12 09 21 40  80 11.6 99.0  1.80 99.00 99.00 999 1012.4   1.0 999.0 999.0  0.5 99.00
2012 12 10 13 20 310  1.3 99.0  0.00 99.00 99.00 999  998.9  -4.0 999.0 999.0  6.0 99.00
2012 12 10 16 00 320  2.2 99.0 99.00 99.00 99.00 999 1007.3  -2.0 999.0 999.0  6.0 99.00
2012 12 10 19 00 320  1.8 99.0  0.30 99.00 99.00 999 1001.6  -1.0 999.0 999.0  6.0 99.00
2012 12 10 22 05 330  0.9 99.0  0.30 99.00 99.00 999 1009.7  -2.0 999.0 999.0  3.0 99.00
2012 12 11 01 05   0  2.2 99.0  0.30 99.00 99.00 999 1011.7  -2.0 999.0 999.0  0.5 99.00
2012 12 11 13 15 180  2.2 99.0  0.30 99.00 99.00 999 1012.8  -4.0 999.0 999.0  6.0 99.00
2012 12 11 22 10 250  3.1 99.0  0.30 99.00 99.00 999 1012.1  -4.0 999.0 999.0  6.0 99.00
2012 12 12 13 05 260  1.3 99.0  0.30 99.00 99.00 999 1021.9  -7.0 999.0 999.0  3.0 99.00
2012 12 12 15 50 210  1.8 99.0  0.00 99.00 99.00 999 1018.8  -4.0 999.0 999.0  6.0 99.00
2012 12 12 17 05 145  1.3 99.0  0.00 99.00 99.00 999 1022.6  -2.0 999.0 999.0  6.0 99.00
2012 12 12 18 55 165  5.4 99.0  0.30 99.00 99.00 999 1020.9   3.0 999.0 999.0  6.0 99.00
2012 12 12 21 50 210  6.7 99.0  0.60 99.00 99.00 999 9999.0   3.0 999.0 999.0  6.0 99.00
2012 12 13 00 45 200  8.0 99.0 99.00 99.00 99.00 999 1019.2   4.0 999.0 999.0  6.0 99.00
2012 12 13 04 00 205  6.7 99.0  0.60 99.00 99.00 999 1019.2   3.0 999.0 999.0  6.0 99.00
2012 12 13 13 00 220  4.5 99.0  0.00 99.00 99.00 999 1019.2   2.0 999.0 999.0  6.0 99.00
2012 12 13 15 55 250  4.0 99.0 99.00 99.00 99.00 999 1019.2   3.0 999.0 999.0  6.0 99.00
2012 12 13 18 50 235  3.1 99.0  0.90 99.00 99.00 999 1016.5   4.0 999.0 999.0  6.0 99.00
2012 12 13 22 00 230  1.8 99.0  1.20 99.00 99.00 999 1015.8   3.0 999.0 999.0  6.0 99.00
2012 12 14 00 45 240  1.8 99.0  1.20 99.00 99.00 999 1019.2   1.0 999.0 999.0  3.0 99.00
2012 12 14 13 40  10  1.8 99.0  0.00 99.00 99.00 999 1019.9 999.0 999.0 999.0  6.0 99.00
2012 12 14 16 20  40  2.2 99.0  0.60 99.00 99.00 999 1023.6   2.0 999.0 999.0  6.0 99.00
2012 12 14 19 15  45  3.6 99.0  0.60 99.00 99.00 999 1022.2   2.0 999.0 999.0  6.0 99.00
2012 12 15 01 00  90  4.5 99.0  0.60 99.00 99.00 999 1018.5   3.0 999.0 999.0  6.0 99.00
2012 12 15 13 10 120  8.0 99.0  1.50 99.00 99.00 999 1014.1   4.0 999.0 999.0  6.0 99.00
2012 12 15 15 55 140  8.9 99.0  1.80 99.00 99.00 999 1012.4   4.0 999.0 999.0  6.0 99.00
2012 12 15 19 30 110  6.7 99.0  0.90 99.00 99.00 999 1006.7   4.0 999.0 999.0  6.0 99.00
2012 12 15 22 30 140 11.2 99.0  2.40 99.00 99.00 999 9999.0 999.0 999.0 999.0  1.0 99.00
2012 12 16 00 15 130 11.2 99.0  2.40 99.00 99.00 999 1002.3   4.0 999.0 999.0  1.0 99.00
2012 12 16 13 10 280  1.3 99.0  0.30 99.00 99.00 999 1000.6   5.0 999.0 999.0  1.0 99.00
2012 12 16 16 05 310  1.8 99.0  0.30 99.00 99.00 999 1000.9   5.0 999.0 999.0  1.0 99.00
2012 12 16 20 00 280  2.7 99.0  0.60 99.00 99.00 999 1000.2   4.0 999.0 999.0  6.0 99.00
2012 12 16 21 55 280  2.7 99.0  0.60 99.00 99.00 999 1000.9   4.0 999.0 999.0  6.0 99.00
2012 12 17 00 55 290  2.2 99.0  0.60 99.00 99.00 999 1002.3   3.0 999.0 999.0  6.0 99.00
2012 12 17 13 30 270  2.7 99.0  0.90 99.00 99.00 999 1005.3   1.0 999.0 999.0  6.0 99.00
2012 12 17 16 05 300  2.2 99.0  0.00 99.00 99.00 999  992.1   1.0 999.0 999.0  6.0 99.00
2012 12 17 18 55 315  3.1 99.0  0.30 99.00 99.00 999 1004.3   1.0 999.0 999.0  6.0 99.00
2012 12 17 22 05 310  2.2 99.0  0.00 99.00 99.00 999 1004.6 999.0 999.0 999.0  6.0 99.00
2012 12 18 00 50 300  1.8 99.0  0.30 99.00 99.00 999 1005.6  -2.0 999.0 999.0  6.0 99.00
2012 12 18 15 50 300  2.2 99.0  0.00 99.00 99.00 999 1008.0  -1.0 999.0 999.0  6.0 99.00
2012 12 18 18 45 140  0.9 99.0  0.00 99.00 99.00 999  998.9   1.0 999.0 999.0  6.0 99.00
2012 12 18 21 55   2 99.0 99.0  0.00 99.00 99.00 999 1005.6 999.0 999.0 999.0  6.0 99.00
2012 12 19 00 50 340  1.3 99.0  0.00 99.00 99.00 999 1006.0  -1.0 999.0 999.0  6.0 99.00
2012 12 19 03 50 320  1.8 99.0  0.30 99.00 99.00 999 1007.7  -1.0 999.0 999.0  6.0 99.00
2012 12 19 13 50 250  2.2 99.0  0.00 99.00 99.00 999 1006.3  -4.0 999.0 999.0 99.0 99.00
2012 12 19 17 00 230  1.8 99.0  0.00 99.00 99.00 999 1006.3 999.0 999.0 999.0  6.0 99.00
2012 12 19 18 50 290  4.0 99.0  0.30 99.00 99.00 999 1016.1   0.0 999.0 999.0  6.0 99.00
2012 12 19 22 05 300  1.3 99.0  0.00 99.00 99.00 999 1016.8  -1.0 999.0 999.0  6.0 99.00
2012 12 20 01 10 210  2.2 99.0  0.60 99.00 99.00 999 1017.5  -1.0 999.0 999.0  6.0 99.00
2012 12 20 14 10  60 13.0 99.0  1.80 99.00 99.00 999 1005.3   1.0 999.0 999.0  6.0 99.00
2012 12 20 16 00  50 11.2 99.0  1.50 99.00 99.00 999 1001.9   1.0 999.0 999.0  6.0 99.00
2012 12 20 16 45  40 11.2 99.0  2.40 99.00 99.00 999 1000.6   1.0 999.0 999.0  1.0 99.00
2012 12 20 19 00  50  8.9 99.0  2.10 99.00 99.00 999  996.2   1.0 999.0 999.0  1.0 99.00
2012 12 20 21 55  50  8.0 99.0  1.50 99.00 99.00 999  993.5   1.0 999.0 999.0  6.0 99.00
2012 12 21 00 45 310  3.6 99.0  1.20 99.00 99.00 999  992.8   0.0 999.0 999.0  6.0 99.00
2012 12 21 13 05 310  5.8 99.0 99.00 99.00 99.00 999 1005.6  -2.0 999.0 999.0  3.0 99.00
2012 12 21 17 20 360  4.0 99.0  0.90 99.00 99.00 999 1009.7  -2.0 999.0 999.0  6.0 99.00
2012 12 21 18 50 360  3.6 99.0  0.90 99.00 99.00 999 1011.1 999.0 999.0 999.0  6.0 99.00
2012 12 21 21 45 321  2.7 99.0  1.50 99.00 99.00 999 1012.4  -3.0 999.0 999.0  6.0 99.00
2012 12 22 00 55 360  4.5 99.0  0.60 99.00 99.00 999 1017.5  -4.0 999.0 999.0  0.3 99.00
2012 12 22 12 50 250  1.3 99.0  0.60 99.00 99.00 999 1019.2  -6.0 999.0 999.0  6.0 99.00
2012 12 22 15 45 300  4.0 99.0  0.30 99.00 99.00 999 1017.5  -4.0 999.0 999.0  6.0 99.00
2012 12 22 19 00 230  1.8 99.0 99.00 99.00 99.00 999 1015.8  -3.0 999.0 999.0  6.0 99.00
2012 12 22 21 55 270  2.2 99.0  0.30 99.00 99.00 999 1015.8  -3.0 999.0 999.0  6.0 99.00
2012 12 23 01 00 270  4.5 99.0  0.60 99.00 99.00 999  997.2  -5.0 999.0 999.0  1.0 99.00
2012 12 23 12 50 340  1.8 99.0  0.60 99.00 99.00 999 1015.1  -4.0 999.0 999.0  6.0 99.00
2012 12 23 15 55 350  1.8 99.0  0.60 99.00 99.00 999 1016.5  -4.0 999.0 999.0  6.0 99.00
2012 12 23 19 05 320  2.2 99.0  0.30 99.00 99.00 999 1015.8  -4.0 999.0 999.0  6.0 99.00
2012 12 23 22 15 310  0.9 99.0  0.00 99.00 99.00 999 1020.9  -5.0 999.0 999.0  6.0 99.00
2012 12 24 00 55 290  1.3 99.0  0.30 99.00 99.00 999 1017.5  -8.0 999.0 999.0  6.0 99.00
2012 12 24 15 55 280  1.8 99.0  0.60 99.00 99.00 999 1015.8  -5.0 999.0 999.0  0.3 99.00
2012 12 24 16 00 320 10.7 99.0  0.60 99.00 99.00 999 1019.2  -4.0 999.0 999.0  1.0 99.00
2012 12 24 18 25 350  2.2 99.0  0.00 99.00 99.00 999 1014.1  -4.0 999.0 999.0  0.5 99.00
2012 12 24 22 00 340  2.2 99.0  0.30 99.00 99.00 999 1015.5  -5.0 999.0 999.0  6.0 99.00
2012 12 25 00 55 340  1.8 99.0  0.60 99.00 99.00 999 1016.8  -5.0 999.0 999.0  6.0 99.00
2012 12 25 12 50 355  2.2 99.0  0.30 99.00 99.00 999 1014.1  -7.0 999.0 999.0  1.0 99.00
2012 12 25 15 55 355  2.2 99.0  0.00 99.00 99.00 999 9999.0  -6.0 999.0 999.0  6.0 99.00
2012 12 25 18 55 300  1.8 99.0  0.00 99.00 99.00 999 1026.0  -3.0 999.0 999.0  6.0 99.00
2012 12 25 22 00 340  2.2 99.0 99.00 99.00 99.00 999 1026.0  -4.0 999.0 999.0  6.0 99.00
2012 12 26 01 00 315  1.3 99.0  0.30 99.00 99.00 999 1029.3  -6.0 999.0 999.0  6.0 99.00
2012 12 26 13 20  30  2.2 99.0 99.00 99.00 99.00 999 1025.3  -4.0 999.0 999.0  3.0 99.00
2012 12 26 15 55 330  4.0 99.0  0.30 99.00 99.00 999 1023.9  -3.0 999.0 999.0  6.0 99.00
2012 12 26 18 55  90  2.7 99.0  0.30 99.00 99.00 999 1021.9  -2.0 999.0 999.0  6.0 99.00
2012 12 26 21 50  10  2.2 99.0  0.30 99.00 99.00 999 1021.9  -3.0 999.0 999.0  6.0 99.00
2012 12 27 00 50 360  2.2 99.0  0.30 99.00 99.00 999 1021.9  -3.0 999.0 999.0 99.0 99.00
2012 12 27 12 50  10  2.2 99.0  0.30 99.00 99.00 999 1022.2  -3.0 999.0 999.0  6.0 99.00
2012 12 27 16 25 320  4.0 99.0  0.30 99.00 99.00 999 1022.9  -3.0 999.0 999.0  6.0 99.00
2012 12 27 19 00 360  1.8 99.0  0.30 99.00 99.00 999 1021.6  -3.0 999.0 999.0  6.0 99.00
2012 12 27 21 55 340  2.7 99.0  0.60 99.00 99.00 999 1022.2  -3.0 999.0 999.0  6.0 99.00
2012 12 28 12 35 330  1.3 99.0 99.00 99.00 99.00 999 1019.9  -7.0 999.0 999.0  6.0 99.00
2012 12 28 16 05 310  1.3 99.0  0.00 99.00 99.00 999 1019.9  -4.0 999.0 999.0  3.0 99.00
2012 12 28 18 55  50  2.2 99.0  0.00 99.00 99.00 999 1016.5  -3.0 999.0 999.0  3.0 99.00
2012 12 28 22 20  30  1.8 99.0  0.00 99.00 99.00 999 1015.8  -6.0 999.0 999.0  3.0 99.00
2012 12 29 01 00   4  1.8 99.0  0.00 99.00 99.00 999 1015.8  -4.0 999.0 999.0  0.5 99.00
2012 12 29 12 40  20  4.5 99.0 99.00 99.00 99.00 999 1014.1  -5.0 999.0 999.0  0.5 99.00
2012 12 29 16 00 340  2.2 99.0 99.00 99.00 99.00 999 1014.1  -2.0 999.0 999.0  6.0 99.00
2012 12 29 16 15 340  1.8 99.0  0.00 99.00 99.00 999 1014.1  -2.0 999.0 999.0  6.0 99.00
2012 12 29 18 55 350  2.7 99.0  0.00 99.00 99.00 999 1014.1  -1.0 999.0 999.0  6.0 99.00
2012 12 29 22 00 320  1.8 99.0 99.00 99.00 99.00 999 1014.1  -2.0 999.0 999.0  3.0 99.00
2012 12 30 00 55 220  1.3 99.0  0.30 99.00 99.00 999 1015.8  -3.0 999.0 999.0  1.0 99.00
2012 12 30 12 50 300  2.2 99.0  0.00 99.00 99.00 999 1020.9  -7.0 999.0 999.0  6.0 99.00
2012 12 30 16 05 340  2.2 99.0  0.00 99.00 99.00 999 1022.9  -8.0 999.0 999.0  6.0 99.00
2012 12 30 19 00 350  2.2 99.0  0.00 99.00 99.00 999 1022.2  -7.0 999.0 999.0  6.0 99.00
2012 12 30 22 00 220  3.6 99.0  0.30 99.00 99.00 999 1019.5  -9.0 999.0 999.0  6.0 99.00
2012 12 31 00 55 230  3.1 99.0  0.30 99.00 99.00 999 1018.5  -9.0 999.0 999.0  6.0 99.00
2012 12 31 12 50 270  1.8 99.0  0.00 99.00 99.00 999 1013.8  -6.0 999.0 999.0  1.0 99.00
2012 12 31 16 35 310  2.7 99.0  0.30 99.00 99.00 999 1015.1  -4.0 999.0 999.0  6.0 99.00
2012 12 31 18 55 280  3.6 99.0  0.00 99.00 99.00 999 1014.8  -4.0 999.0 999.0  6.0 99.00
2012 12 31 21 50 330  2.2 99.0  0.30 99.00 99.00 999 1015.8  -6.0 999.0 999.0  6.0 99.00
